R Matrix Plot 1
Freq [GHz]
Y Axis
__cartesian__ 0 0 0.040000 -0.381334 60.000000 34.916488
__settings__ 1 0 0 0 11 11 0 0 0 0
R(1,1) [ohm]
0.04 2.16721
0.08 3.07895
0.12 4.31128
0.16 5.6175
0.2 6.83808
0.24 7.90268
0.28 8.7984
0.32 9.53992
0.36 10.1512
0.4 10.6566
0.44 11.0777
0.48 11.4321
0.52 11.7338
0.56 11.9938
0.6 12.221
0.64 12.4219
0.68 12.602
0.72 12.7653
0.76 12.9152
0.8 13.0544
0.84 13.1848
0.88 13.3083
0.92 13.4262
0.96 13.5396
1 13.6495
1.04 13.7566
1.08 13.8614
1.12 13.9646
1.16 14.0666
1.2 14.1677
1.24 14.2682
1.28 14.3683
1.32 14.4683
1.36 14.5684
1.4 14.6686
1.44 14.769
1.48 14.8699
1.52 14.9711
1.56 15.0729
1.6 15.1752
1.64 15.2781
1.68 15.3816
1.72 15.4857
1.76 15.5905
1.8 15.6958
1.84 15.8018
1.88 15.9085
1.92 16.0157
1.96 16.1235
2 16.2319
2.04 16.3408
2.08 16.4503
2.12 16.5603
2.16 16.6707
2.2 16.7816
2.24 16.893
2.28 17.0047
2.32 17.1167
2.36 17.2291
2.4 17.3418
2.44 17.4548
2.48 17.568
2.52 17.6814
2.56 17.795
2.6 17.9087
2.64 18.0226
2.68 18.1365
2.72 18.2504
2.76 18.3644
2.8 18.4784
2.84 18.5923
2.88 18.7062
2.92 18.8199
2.96 18.9335
3 19.047
3.04 19.1603
3.08 19.2734
3.12 19.3863
3.16 19.4989
3.2 19.6113
3.24 19.7233
3.28 19.835
3.32 19.9464
3.36 20.0574
3.4 20.1681
3.44 20.2783
3.48 20.3881
3.52 20.4975
3.56 20.6064
3.6 20.7149
3.64 20.8228
3.68 20.9303
3.72 21.0372
3.76 21.1436
3.8 21.2495
3.84 21.3548
3.88 21.4595
3.92 21.5637
3.96 21.6673
4 21.7702
4.04 21.8726
4.08 21.9743
4.12 22.0755
4.16 22.1759
4.2 22.2758
4.24 22.375
4.28 22.4735
4.32 22.5713
4.36 22.6685
4.4 22.7651
4.44 22.8609
4.48 22.9561
4.52 23.0505
4.56 23.1443
4.6 23.2374
4.64 23.3298
4.68 23.4215
4.72 23.5125
4.76 23.6028
4.8 23.6925
4.84 23.7814
4.88 23.8696
4.92 23.957
4.96 24.0438
5 24.1299
5.04 24.2153
5.08 24.3
5.12 24.384
5.16 24.4672
5.2 24.5498
5.24 24.6317
5.28 24.7129
5.32 24.7934
5.36 24.8732
5.4 24.9523
5.44 25.0307
5.48 25.1084
5.52 25.1855
5.56 25.2619
5.6 25.3376
5.64 25.4126
5.68 25.487
5.72 25.5607
5.76 25.6337
5.8 25.7061
5.84 25.7778
5.88 25.8489
5.92 25.9193
5.96 25.9891
6 26.0583
6.04 26.1268
6.08 26.1947
6.12 26.2619
6.16 26.3286
6.2 26.3946
6.24 26.46
6.28 26.5248
6.32 26.589
6.36 26.6526
6.4 26.7156
6.44 26.778
6.48 26.8398
6.52 26.9011
6.56 26.9618
6.6 27.0219
6.64 27.0814
6.68 27.1404
6.72 27.1988
6.76 27.2567
6.8 27.314
6.84 27.3708
6.88 27.427
6.92 27.4827
6.96 27.5379
7 27.5926
7.04 27.6467
7.08 27.7004
7.12 27.7535
7.16 27.8061
7.2 27.8582
7.24 27.9098
7.28 27.961
7.32 28.0116
7.36 28.0618
7.4 28.1115
7.44 28.1607
7.48 28.2095
7.52 28.2577
7.56 28.3056
7.6 28.353
7.64 28.3999
7.68 28.4464
7.72 28.4924
7.76 28.538
7.8 28.5832
7.84 28.628
7.88 28.6723
7.92 28.7162
7.96 28.7597
8 28.8028
8.04 28.8455
8.08 28.8878
8.12 28.9297
8.16 28.9711
8.2 29.0123
8.24 29.053
8.28 29.0933
8.32 29.1333
8.36 29.1728
8.4 29.2121
8.44 29.2509
8.48 29.2894
8.52 29.3275
8.56 29.3653
8.6 29.4027
8.64 29.4398
8.68 29.4765
8.72 29.5129
8.76 29.549
8.8 29.5847
8.84 29.6201
8.88 29.6552
8.92 29.6899
8.96 29.7243
9 29.7584
9.04 29.7922
9.08 29.8257
9.12 29.8589
9.16 29.8918
9.2 29.9244
9.24 29.9567
9.28 29.9887
9.32 30.0204
9.36 30.0518
9.4 30.0829
9.44 30.1138
9.48 30.1443
9.52 30.1746
9.56 30.2047
9.6 30.2344
9.64 30.2639
9.68 30.2931
9.72 30.3221
9.76 30.3508
9.8 30.3793
9.84 30.4075
9.88 30.4354
9.92 30.4631
9.96 30.4906
10 30.5178
10.04 30.5447
10.08 30.5715
10.12 30.598
10.16 30.6243
10.2 30.6503
10.24 30.6761
10.28 30.7017
10.32 30.7271
10.36 30.7522
10.4 30.7771
10.44 30.8019
10.48 30.8264
10.52 30.8506
10.56 30.8747
10.6 30.8986
10.64 30.9223
10.68 30.9457
10.72 30.969
10.76 30.992
10.8 31.0149
10.84 31.0376
10.88 31.0601
10.92 31.0824
10.96 31.1045
11 31.1264
11.04 31.1481
11.08 31.1697
11.12 31.191
11.16 31.2122
11.2 31.2332
11.24 31.2541
11.28 31.2747
11.32 31.2952
11.36 31.3156
11.4 31.3357
11.44 31.3557
11.48 31.3755
11.52 31.3952
11.56 31.4147
11.6 31.434
11.64 31.4532
11.68 31.4722
11.72 31.4911
11.76 31.5098
11.8 31.5284
11.84 31.5468
11.88 31.565
11.92 31.5832
11.96 31.6011
12 31.619
12.04 31.6366
12.08 31.6542
12.12 31.6716
12.16 31.6889
12.2 31.706
12.24 31.723
12.28 31.7398
12.32 31.7565
12.36 31.7731
12.4 31.7896
12.44 31.8059
12.48 31.8221
12.52 31.8382
12.56 31.8541
12.6 31.87
12.64 31.8857
12.68 31.9012
12.72 31.9167
12.76 31.932
12.8 31.9473
12.84 31.9624
12.88 31.9773
12.92 31.9922
12.96 32.007
13 32.0216
13.04 32.0362
13.08 32.0506
13.12 32.0649
13.16 32.0791
13.2 32.0932
13.24 32.1072
13.28 32.1211
13.32 32.1348
13.36 32.1485
13.4 32.1621
13.44 32.1755
13.48 32.1889
13.52 32.2022
13.56 32.2154
13.6 32.2284
13.64 32.2414
13.68 32.2543
13.72 32.2671
13.76 32.2798
13.8 32.2924
13.84 32.3049
13.88 32.3173
13.92 32.3296
13.96 32.3418
14 32.354
14.04 32.366
14.08 32.378
14.12 32.3899
14.16 32.4017
14.2 32.4134
14.24 32.425
14.28 32.4366
14.32 32.448
14.36 32.4594
14.4 32.4707
14.44 32.4819
14.48 32.493
14.52 32.5041
14.56 32.5151
14.6 32.526
14.64 32.5368
14.68 32.5476
14.72 32.5582
14.76 32.5688
14.8 32.5794
14.84 32.5898
14.88 32.6002
14.92 32.6105
14.96 32.6207
15 32.6309
15.04 32.641
15.08 32.651
15.12 32.6609
15.16 32.6708
15.2 32.6806
15.24 32.6904
15.28 32.7001
15.32 32.7097
15.36 32.7192
15.4 32.7287
15.44 32.7382
15.48 32.7475
15.52 32.7568
15.56 32.766
15.6 32.7752
15.64 32.7843
15.68 32.7934
15.72 32.8024
15.76 32.8113
15.8 32.8201
15.84 32.829
15.88 32.8377
15.92 32.8464
15.96 32.855
16 32.8636
16.04 32.8721
16.08 32.8806
16.12 32.889
16.16 32.8973
16.2 32.9056
16.24 32.9139
16.28 32.9221
16.32 32.9302
16.36 32.9383
16.4 32.9463
16.44 32.9543
16.48 32.9622
16.52 32.9701
16.56 32.9779
16.6 32.9857
16.64 32.9934
16.68 33.0011
16.72 33.0087
16.76 33.0163
16.8 33.0239
16.84 33.0313
16.88 33.0388
16.92 33.0462
16.96 33.0535
17 33.0608
17.04 33.068
17.08 33.0753
17.12 33.0824
17.16 33.0895
17.2 33.0966
17.24 33.1036
17.28 33.1106
17.32 33.1175
17.36 33.1244
17.4 33.1313
17.44 33.1381
17.48 33.1449
17.52 33.1516
17.56 33.1583
17.6 33.1649
17.64 33.1715
17.68 33.1781
17.72 33.1846
17.76 33.1911
17.8 33.1975
17.84 33.2039
17.88 33.2103
17.92 33.2166
17.96 33.2229
18 33.2292
18.04 33.2354
18.08 33.2416
18.12 33.2477
18.16 33.2538
18.2 33.2599
18.24 33.2659
18.28 33.2719
18.32 33.2779
18.36 33.2838
18.4 33.2897
18.44 33.2955
18.48 33.3013
18.52 33.3071
18.56 33.3129
18.6 33.3186
18.64 33.3243
18.68 33.3299
18.72 33.3355
18.76 33.3411
18.8 33.3467
18.84 33.3522
18.88 33.3577
18.92 33.3631
18.96 33.3686
19 33.374
19.04 33.3793
19.08 33.3846
19.12 33.3899
19.16 33.3952
19.2 33.4005
19.24 33.4057
19.28 33.4108
19.32 33.416
19.36 33.4211
19.4 33.4262
19.44 33.4313
19.48 33.4363
19.52 33.4413
19.56 33.4463
19.6 33.4513
19.64 33.4562
19.68 33.4611
19.72 33.4659
19.76 33.4708
19.8 33.4756
19.84 33.4804
19.88 33.4851
19.92 33.4899
19.96 33.4946
20 33.4993
20.04 33.5039
20.08 33.5086
20.12 33.5132
20.16 33.5177
20.2 33.5223
20.24 33.5268
20.28 33.5313
20.32 33.5358
20.36 33.5403
20.4 33.5447
20.44 33.5491
20.48 33.5535
20.52 33.5579
20.56 33.5622
20.6 33.5665
20.64 33.5708
20.68 33.5751
20.72 33.5793
20.76 33.5835
20.8 33.5877
20.84 33.5919
20.88 33.5961
20.92 33.6002
20.96 33.6043
21 33.6084
21.04 33.6125
21.08 33.6165
21.12 33.6205
21.16 33.6245
21.2 33.6285
21.24 33.6325
21.28 33.6364
21.32 33.6404
21.36 33.6443
21.4 33.6481
21.44 33.652
21.48 33.6558
21.52 33.6597
21.56 33.6635
21.6 33.6672
21.64 33.671
21.68 33.6747
21.72 33.6785
21.76 33.6822
21.8 33.6858
21.84 33.6895
21.88 33.6932
21.92 33.6968
21.96 33.7004
22 33.704
22.04 33.7076
22.08 33.7111
22.12 33.7146
22.16 33.7182
22.2 33.7217
22.24 33.7252
22.28 33.7286
22.32 33.7321
22.36 33.7355
22.4 33.7389
22.44 33.7423
22.48 33.7457
22.52 33.7491
22.56 33.7524
22.6 33.7557
22.64 33.759
22.68 33.7623
22.72 33.7656
22.76 33.7689
22.8 33.7721
22.84 33.7754
22.88 33.7786
22.92 33.7818
22.96 33.785
23 33.7881
23.04 33.7913
23.08 33.7944
23.12 33.7976
23.16 33.8007
23.2 33.8038
23.24 33.8068
23.28 33.8099
23.32 33.8129
23.36 33.816
23.4 33.819
23.44 33.822
23.48 33.825
23.52 33.828
23.56 33.8309
23.6 33.8339
23.64 33.8368
23.68 33.8397
23.72 33.8426
23.76 33.8455
23.8 33.8484
23.84 33.8513
23.88 33.8541
23.92 33.857
23.96 33.8598
24 33.8626
24.04 33.8654
24.08 33.8682
24.12 33.871
24.16 33.8737
24.2 33.8765
24.24 33.8792
24.28 33.8819
24.32 33.8846
24.36 33.8873
24.4 33.89
24.44 33.8927
24.48 33.8953
24.52 33.898
24.56 33.9006
24.6 33.9032
24.64 33.9058
24.68 33.9084
24.72 33.911
24.76 33.9136
24.8 33.9161
24.84 33.9187
24.88 33.9212
24.92 33.9238
24.96 33.9263
25 33.9288
25.04 33.9313
25.08 33.9338
25.12 33.9362
25.16 33.9387
25.2 33.9411
25.24 33.9436
25.28 33.946
25.32 33.9484
25.36 33.9508
25.4 33.9532
25.44 33.9556
25.48 33.958
25.52 33.9603
25.56 33.9627
25.6 33.965
25.64 33.9673
25.68 33.9697
25.72 33.972
25.76 33.9743
25.8 33.9766
25.84 33.9788
25.88 33.9811
25.92 33.9834
25.96 33.9856
26 33.9879
26.04 33.9901
26.08 33.9923
26.12 33.9945
26.16 33.9967
26.2 33.9989
26.24 34.0011
26.28 34.0033
26.32 34.0054
26.36 34.0076
26.4 34.0097
26.44 34.0119
26.48 34.014
26.52 34.0161
26.56 34.0182
26.6 34.0203
26.64 34.0224
26.68 34.0245
26.72 34.0266
26.76 34.0286
26.8 34.0307
26.84 34.0327
26.88 34.0348
26.92 34.0368
26.96 34.0388
27 34.0408
27.04 34.0428
27.08 34.0448
27.12 34.0468
27.16 34.0488
27.2 34.0507
27.24 34.0527
27.28 34.0547
27.32 34.0566
27.36 34.0585
27.4 34.0605
27.44 34.0624
27.48 34.0643
27.52 34.0662
27.56 34.0681
27.6 34.07
27.64 34.0719
27.68 34.0737
27.72 34.0756
27.76 34.0775
27.8 34.0793
27.84 34.0812
27.88 34.083
27.92 34.0848
27.96 34.0866
28 34.0885
28.04 34.0903
28.08 34.0921
28.12 34.0939
28.16 34.0956
28.2 34.0974
28.24 34.0992
28.28 34.1009
28.32 34.1027
28.36 34.1044
28.4 34.1062
28.44 34.1079
28.48 34.1096
28.52 34.1114
28.56 34.1131
28.6 34.1148
28.64 34.1165
28.68 34.1182
28.72 34.1199
28.76 34.1215
28.8 34.1232
28.84 34.1249
28.88 34.1265
28.92 34.1282
28.96 34.1298
29 34.1315
29.04 34.1331
29.08 34.1347
29.12 34.1364
29.16 34.138
29.2 34.1396
29.24 34.1412
29.28 34.1428
29.32 34.1444
29.36 34.1459
29.4 34.1475
29.44 34.1491
29.48 34.1506
29.52 34.1522
29.56 34.1538
29.6 34.1553
29.64 34.1568
29.68 34.1584
29.72 34.1599
29.76 34.1614
29.8 34.1629
29.84 34.1645
29.88 34.166
29.92 34.1675
29.96 34.169
30 34.1704
30.04 34.1719
30.08 34.1734
30.12 34.1749
30.16 34.1763
30.2 34.1778
30.24 34.1792
30.28 34.1807
30.32 34.1821
30.36 34.1836
30.4 34.185
30.44 34.1864
30.48 34.1879
30.52 34.1893
30.56 34.1907
30.6 34.1921
30.64 34.1935
30.68 34.1949
30.72 34.1963
30.76 34.1977
30.8 34.199
30.84 34.2004
30.88 34.2018
30.92 34.2031
30.96 34.2045
31 34.2059
31.04 34.2072
31.08 34.2085
31.12 34.2099
31.16 34.2112
31.2 34.2125
31.24 34.2139
31.28 34.2152
31.32 34.2165
31.36 34.2178
31.4 34.2191
31.44 34.2204
31.48 34.2217
31.52 34.223
31.56 34.2243
31.6 34.2256
31.64 34.2268
31.68 34.2281
31.72 34.2294
31.76 34.2306
31.8 34.2319
31.84 34.2332
31.88 34.2344
31.92 34.2357
31.96 34.2369
32 34.2381
32.04 34.2394
32.08 34.2406
32.12 34.2418
32.16 34.243
32.2 34.2442
32.24 34.2455
32.28 34.2467
32.32 34.2479
32.36 34.2491
32.4 34.2502
32.44 34.2514
32.48 34.2526
32.52 34.2538
32.56 34.255
32.6 34.2561
32.64 34.2573
32.68 34.2585
32.72 34.2596
32.76 34.2608
32.8 34.2619
32.84 34.2631
32.88 34.2642
32.92 34.2654
32.96 34.2665
33 34.2676
33.04 34.2688
33.08 34.2699
33.12 34.271
33.16 34.2721
33.2 34.2732
33.24 34.2743
33.28 34.2754
33.32 34.2765
33.36 34.2776
33.4 34.2787
33.44 34.2798
33.48 34.2809
33.52 34.282
33.56 34.2831
33.6 34.2841
33.64 34.2852
33.68 34.2863
33.72 34.2873
33.76 34.2884
33.8 34.2895
33.84 34.2905
33.88 34.2916
33.92 34.2926
33.96 34.2936
34 34.2947
34.04 34.2957
34.08 34.2967
34.12 34.2978
34.16 34.2988
34.2 34.2998
34.24 34.3008
34.28 34.3018
34.32 34.3029
34.36 34.3039
34.4 34.3049
34.44 34.3059
34.48 34.3069
34.52 34.3079
34.56 34.3088
34.6 34.3098
34.64 34.3108
34.68 34.3118
34.72 34.3128
34.76 34.3137
34.8 34.3147
34.84 34.3157
34.88 34.3167
34.92 34.3176
34.96 34.3186
35 34.3195
35.04 34.3205
35.08 34.3214
35.12 34.3224
35.16 34.3233
35.2 34.3243
35.24 34.3252
35.28 34.3261
35.32 34.3271
35.36 34.328
35.4 34.3289
35.44 34.3298
35.48 34.3307
35.52 34.3317
35.56 34.3326
35.6 34.3335
35.64 34.3344
35.68 34.3353
35.72 34.3362
35.76 34.3371
35.8 34.338
35.84 34.3389
35.88 34.3398
35.92 34.3407
35.96 34.3415
36 34.3424
36.04 34.3433
36.08 34.3442
36.12 34.345
36.16 34.3459
36.2 34.3468
36.24 34.3476
36.28 34.3485
36.32 34.3494
36.36 34.3502
36.4 34.3511
36.44 34.3519
36.48 34.3528
36.52 34.3536
36.56 34.3545
36.6 34.3553
36.64 34.3561
36.68 34.357
36.72 34.3578
36.76 34.3586
36.8 34.3595
36.84 34.3603
36.88 34.3611
36.92 34.3619
36.96 34.3627
37 34.3635
37.04 34.3644
37.08 34.3652
37.12 34.366
37.16 34.3668
37.2 34.3676
37.24 34.3684
37.28 34.3692
37.32 34.37
37.36 34.3708
37.4 34.3715
37.44 34.3723
37.48 34.3731
37.52 34.3739
37.56 34.3747
37.6 34.3755
37.64 34.3762
37.68 34.377
37.72 34.3778
37.76 34.3785
37.8 34.3793
37.84 34.3801
37.88 34.3808
37.92 34.3816
37.96 34.3823
38 34.3831
38.04 34.3839
38.08 34.3846
38.12 34.3853
38.16 34.3861
38.2 34.3868
38.24 34.3876
38.28 34.3883
38.32 34.389
38.36 34.3898
38.4 34.3905
38.44 34.3912
38.48 34.392
38.52 34.3927
38.56 34.3934
38.6 34.3941
38.64 34.3949
38.68 34.3956
38.72 34.3963
38.76 34.397
38.8 34.3977
38.84 34.3984
38.88 34.3991
38.92 34.3998
38.96 34.4005
39 34.4012
39.04 34.4019
39.08 34.4026
39.12 34.4033
39.16 34.404
39.2 34.4047
39.24 34.4054
39.28 34.4061
39.32 34.4068
39.36 34.4074
39.4 34.4081
39.44 34.4088
39.48 34.4095
39.52 34.4101
39.56 34.4108
39.6 34.4115
39.64 34.4122
39.68 34.4128
39.72 34.4135
39.76 34.4141
39.8 34.4148
39.84 34.4155
39.88 34.4161
39.92 34.4168
39.96 34.4174
40 34.4181
40.04 34.4187
40.08 34.4194
40.12 34.42
40.16 34.4207
40.2 34.4213
40.24 34.4219
40.28 34.4226
40.32 34.4232
40.36 34.4238
40.4 34.4245
40.44 34.4251
40.48 34.4257
40.52 34.4264
40.56 34.427
40.6 34.4276
40.64 34.4282
40.68 34.4289
40.72 34.4295
40.76 34.4301
40.8 34.4307
40.84 34.4313
40.88 34.4319
40.92 34.4325
40.96 34.4332
41 34.4338
41.04 34.4344
41.08 34.435
41.12 34.4356
41.16 34.4362
41.2 34.4368
41.24 34.4374
41.28 34.438
41.32 34.4385
41.36 34.4391
41.4 34.4397
41.44 34.4403
41.48 34.4409
41.52 34.4415
41.56 34.4421
41.6 34.4427
41.64 34.4432
41.68 34.4438
41.72 34.4444
41.76 34.445
41.8 34.4455
41.84 34.4461
41.88 34.4467
41.92 34.4472
41.96 34.4478
42 34.4484
42.04 34.4489
42.08 34.4495
42.12 34.4501
42.16 34.4506
42.2 34.4512
42.24 34.4517
42.28 34.4523
42.32 34.4529
42.36 34.4534
42.4 34.454
42.44 34.4545
42.48 34.4551
42.52 34.4556
42.56 34.4561
42.6 34.4567
42.64 34.4572
42.68 34.4578
42.72 34.4583
42.76 34.4589
42.8 34.4594
42.84 34.4599
42.88 34.4605
42.92 34.461
42.96 34.4615
43 34.462
43.04 34.4626
43.08 34.4631
43.12 34.4636
43.16 34.4642
43.2 34.4647
43.24 34.4652
43.28 34.4657
43.32 34.4662
43.36 34.4668
43.4 34.4673
43.44 34.4678
43.48 34.4683
43.52 34.4688
43.56 34.4693
43.6 34.4698
43.64 34.4703
43.68 34.4708
43.72 34.4713
43.76 34.4718
43.8 34.4723
43.84 34.4728
43.88 34.4733
43.92 34.4738
43.96 34.4743
44 34.4748
44.04 34.4753
44.08 34.4758
44.12 34.4763
44.16 34.4768
44.2 34.4773
44.24 34.4778
44.28 34.4783
44.32 34.4788
44.36 34.4792
44.4 34.4797
44.44 34.4802
44.48 34.4807
44.52 34.4812
44.56 34.4817
44.6 34.4821
44.64 34.4826
44.68 34.4831
44.72 34.4836
44.76 34.484
44.8 34.4845
44.84 34.485
44.88 34.4854
44.92 34.4859
44.96 34.4864
45 34.4868
45.04 34.4873
45.08 34.4878
45.12 34.4882
45.16 34.4887
45.2 34.4891
45.24 34.4896
45.28 34.4901
45.32 34.4905
45.36 34.491
45.4 34.4914
45.44 34.4919
45.48 34.4923
45.52 34.4928
45.56 34.4932
45.6 34.4937
45.64 34.4941
45.68 34.4946
45.72 34.495
45.76 34.4955
45.8 34.4959
45.84 34.4963
45.88 34.4968
45.92 34.4972
45.96 34.4977
46 34.4981
46.04 34.4985
46.08 34.499
46.12 34.4994
46.16 34.4998
46.2 34.5003
46.24 34.5007
46.28 34.5011
46.32 34.5016
46.36 34.502
46.4 34.5024
46.44 34.5028
46.48 34.5033
46.52 34.5037
46.56 34.5041
46.6 34.5045
46.64 34.5049
46.68 34.5054
46.72 34.5058
46.76 34.5062
46.8 34.5066
46.84 34.507
46.88 34.5074
46.92 34.5079
46.96 34.5083
47 34.5087
47.04 34.5091
47.08 34.5095
47.12 34.5099
47.16 34.5103
47.2 34.5107
47.24 34.5111
47.28 34.5115
47.32 34.5119
47.36 34.5123
47.4 34.5127
47.44 34.5131
47.48 34.5135
47.52 34.5139
47.56 34.5143
47.6 34.5147
47.64 34.5151
47.68 34.5155
47.72 34.5159
47.76 34.5163
47.8 34.5167
47.84 34.5171
47.88 34.5175
47.92 34.5179
47.96 34.5183
48 34.5187
48.04 34.519
48.08 34.5194
48.12 34.5198
48.16 34.5202
48.2 34.5206
48.24 34.521
48.28 34.5214
48.32 34.5217
48.36 34.5221
48.4 34.5225
48.44 34.5229
48.48 34.5232
48.52 34.5236
48.56 34.524
48.6 34.5244
48.64 34.5247
48.68 34.5251
48.72 34.5255
48.76 34.5259
48.8 34.5262
48.84 34.5266
48.88 34.527
48.92 34.5273
48.96 34.5277
49 34.5281
49.04 34.5284
49.08 34.5288
49.12 34.5292
49.16 34.5295
49.2 34.5299
49.24 34.5303
49.28 34.5306
49.32 34.531
49.36 34.5313
49.4 34.5317
49.44 34.532
49.48 34.5324
49.52 34.5328
49.56 34.5331
49.6 34.5335
49.64 34.5338
49.68 34.5342
49.72 34.5345
49.76 34.5349
49.8 34.5352
49.84 34.5356
49.88 34.5359
49.92 34.5363
49.96 34.5366
50 34.537
50.04 34.5373
50.08 34.5377
50.12 34.538
50.16 34.5383
50.2 34.5387
50.24 34.539
50.28 34.5394
50.32 34.5397
50.36 34.54
50.4 34.5404
50.44 34.5407
50.48 34.5411
50.52 34.5414
50.56 34.5417
50.6 34.5421
50.64 34.5424
50.68 34.5427
50.72 34.5431
50.76 34.5434
50.8 34.5437
50.84 34.5441
50.88 34.5444
50.92 34.5447
50.96 34.545
51 34.5454
51.04 34.5457
51.08 34.546
51.12 34.5464
51.16 34.5467
51.2 34.547
51.24 34.5473
51.28 34.5476
51.32 34.548
51.36 34.5483
51.4 34.5486
51.44 34.5489
51.48 34.5493
51.52 34.5496
51.56 34.5499
51.6 34.5502
51.64 34.5505
51.68 34.5508
51.72 34.5512
51.76 34.5515
51.8 34.5518
51.84 34.5521
51.88 34.5524
51.92 34.5527
51.96 34.553
52 34.5533
52.04 34.5536
52.08 34.554
52.12 34.5543
52.16 34.5546
52.2 34.5549
52.24 34.5552
52.28 34.5555
52.32 34.5558
52.36 34.5561
52.4 34.5564
52.44 34.5567
52.48 34.557
52.52 34.5573
52.56 34.5576
52.6 34.5579
52.64 34.5582
52.68 34.5585
52.72 34.5588
52.76 34.5591
52.8 34.5594
52.84 34.5597
52.88 34.56
52.92 34.5603
52.96 34.5606
53 34.5609
53.04 34.5612
53.08 34.5615
53.12 34.5618
53.16 34.5621
53.2 34.5624
53.24 34.5627
53.28 34.5629
53.32 34.5632
53.36 34.5635
53.4 34.5638
53.44 34.5641
53.48 34.5644
53.52 34.5647
53.56 34.565
53.6 34.5652
53.64 34.5655
53.68 34.5658
53.72 34.5661
53.76 34.5664
53.8 34.5667
53.84 34.5669
53.88 34.5672
53.92 34.5675
53.96 34.5678
54 34.5681
54.04 34.5683
54.08 34.5686
54.12 34.5689
54.16 34.5692
54.2 34.5695
54.24 34.5697
54.28 34.57
54.32 34.5703
54.36 34.5706
54.4 34.5708
54.44 34.5711
54.48 34.5714
54.52 34.5717
54.56 34.5719
54.6 34.5722
54.64 34.5725
54.68 34.5727
54.72 34.573
54.76 34.5733
54.8 34.5736
54.84 34.5738
54.88 34.5741
54.92 34.5744
54.96 34.5746
55 34.5749
55.04 34.5752
55.08 34.5754
55.12 34.5757
55.16 34.576
55.2 34.5762
55.24 34.5765
55.28 34.5767
55.32 34.577
55.36 34.5773
55.4 34.5775
55.44 34.5778
55.48 34.578
55.52 34.5783
55.56 34.5786
55.6 34.5788
55.64 34.5791
55.68 34.5793
55.72 34.5796
55.76 34.5799
55.8 34.5801
55.84 34.5804
55.88 34.5806
55.92 34.5809
55.96 34.5811
56 34.5814
56.04 34.5816
56.08 34.5819
56.12 34.5821
56.16 34.5824
56.2 34.5826
56.24 34.5829
56.28 34.5832
56.32 34.5834
56.36 34.5836
56.4 34.5839
56.44 34.5841
56.48 34.5844
56.52 34.5846
56.56 34.5849
56.6 34.5851
56.64 34.5854
56.68 34.5856
56.72 34.5859
56.76 34.5861
56.8 34.5864
56.84 34.5866
56.88 34.5869
56.92 34.5871
56.96 34.5873
57 34.5876
57.04 34.5878
57.08 34.5881
57.12 34.5883
57.16 34.5885
57.2 34.5888
57.24 34.589
57.28 34.5893
57.32 34.5895
57.36 34.5897
57.4 34.59
57.44 34.5902
57.48 34.5904
57.52 34.5907
57.56 34.5909
57.6 34.5912
57.64 34.5914
57.68 34.5916
57.72 34.5919
57.76 34.5921
57.8 34.5923
57.84 34.5926
57.88 34.5928
57.92 34.593
57.96 34.5933
58 34.5935
58.04 34.5937
58.08 34.5939
58.12 34.5942
58.16 34.5944
58.2 34.5946
58.24 34.5949
58.28 34.5951
58.32 34.5953
58.36 34.5955
58.4 34.5958
58.44 34.596
58.48 34.5962
58.52 34.5965
58.56 34.5967
58.6 34.5969
58.64 34.5971
58.68 34.5974
58.72 34.5976
58.76 34.5978
58.8 34.598
58.84 34.5982
58.88 34.5985
58.92 34.5987
58.96 34.5989
59 34.5991
59.04 34.5993
59.08 34.5996
59.12 34.5998
59.16 34.6
59.2 34.6002
59.24 34.6004
59.28 34.6007
59.32 34.6009
59.36 34.6011
59.4 34.6013
59.44 34.6015
59.48 34.6017
59.52 34.602
59.56 34.6022
59.6 34.6024
59.64 34.6026
59.68 34.6028
59.72 34.603
59.76 34.6033
59.8 34.6035
59.84 34.6037
59.88 34.6039
59.92 34.6041
59.96 34.6043
60 34.6045
__settings__ -1 8 2 0 1 1
R(2,1) [ohm]
0.04 0.0608288
0.08 0.0990975
0.12 0.119306
0.16 0.129331
0.2 0.13461
0.24 0.13754
0.28 0.139194
0.32 0.14009
0.36 0.140499
0.4 0.140575
0.44 0.140405
0.48 0.140046
0.52 0.139535
0.56 0.138895
0.6 0.138144
0.64 0.137293
0.68 0.136353
0.72 0.135329
0.76 0.134227
0.8 0.133052
0.84 0.131807
0.88 0.130494
0.92 0.129118
0.96 0.127679
1 0.126181
1.04 0.124624
1.08 0.123012
1.12 0.121344
1.16 0.119624
1.2 0.117853
1.24 0.116031
1.28 0.114161
1.32 0.112244
1.36 0.110282
1.4 0.108276
1.44 0.106226
1.48 0.104136
1.52 0.102005
1.56 0.0998359
1.6 0.0976295
1.64 0.0953871
1.68 0.0931101
1.72 0.0907999
1.76 0.0884577
1.8 0.0860848
1.84 0.0836827
1.88 0.0812524
1.92 0.0787954
1.96 0.0763129
2 0.0738062
2.04 0.0712764
2.08 0.0687248
2.12 0.0661527
2.16 0.0635611
2.2 0.0609514
2.24 0.0583246
2.28 0.0556819
2.32 0.0530244
2.36 0.0503532
2.4 0.0476695
2.44 0.0449743
2.48 0.0422686
2.52 0.0395535
2.56 0.03683
2.6 0.034099
2.64 0.0313616
2.68 0.0286186
2.72 0.0258711
2.76 0.0231198
2.8 0.0203658
2.84 0.0176098
2.88 0.0148526
2.92 0.0120952
2.96 0.00933826
3 0.00658256
3.04 0.00382886
3.08 0.00107789
3.12 -0.00166965
3.16 -0.00441309
3.2 -0.00715175
3.24 -0.00988501
3.28 -0.0126122
3.32 -0.0153329
3.36 -0.0180463
3.4 -0.0207519
3.44 -0.0234493
3.48 -0.0261379
3.52 -0.0288172
3.56 -0.0314867
3.6 -0.034146
3.64 -0.0367946
3.68 -0.0394322
3.72 -0.0420582
3.76 -0.0446724
3.8 -0.0472744
3.84 -0.0498638
3.88 -0.0524402
3.92 -0.0550034
3.96 -0.0575531
4 -0.060089
4.04 -0.0626108
4.08 -0.0651183
4.12 -0.0676111
4.16 -0.0700892
4.2 -0.0725522
4.24 -0.0750001
4.28 -0.0774325
4.32 -0.0798493
4.36 -0.0822504
4.4 -0.0846356
4.44 -0.0870048
4.48 -0.0893578
4.52 -0.0916945
4.56 -0.0940149
4.6 -0.0963187
4.64 -0.0986061
4.68 -0.100877
4.72 -0.103131
4.76 -0.105368
4.8 -0.107588
4.84 -0.109792
4.88 -0.111978
4.92 -0.114148
4.96 -0.116301
5 -0.118437
5.04 -0.120556
5.08 -0.122658
5.12 -0.124743
5.16 -0.126811
5.2 -0.128862
5.24 -0.130896
5.28 -0.132913
5.32 -0.134914
5.36 -0.136898
5.4 -0.138865
5.44 -0.140815
5.48 -0.142749
5.52 -0.144666
5.56 -0.146567
5.6 -0.148451
5.64 -0.150319
5.68 -0.15217
5.72 -0.154006
5.76 -0.155825
5.8 -0.157628
5.84 -0.159415
5.88 -0.161186
5.92 -0.162942
5.96 -0.164681
6 -0.166405
6.04 -0.168114
6.08 -0.169807
6.12 -0.171485
6.16 -0.173147
6.2 -0.174795
6.24 -0.176427
6.28 -0.178045
6.32 -0.179647
6.36 -0.181235
6.4 -0.182809
6.44 -0.184368
6.48 -0.185912
6.52 -0.187442
6.56 -0.188958
6.6 -0.19046
6.64 -0.191948
6.68 -0.193423
6.72 -0.194883
6.76 -0.19633
6.8 -0.197764
6.84 -0.199184
6.88 -0.20059
6.92 -0.201984
6.96 -0.203365
7 -0.204733
7.04 -0.206088
7.08 -0.20743
7.12 -0.208759
7.16 -0.210077
7.2 -0.211382
7.24 -0.212674
7.28 -0.213955
7.32 -0.215223
7.36 -0.21648
7.4 -0.217725
7.44 -0.218958
7.48 -0.22018
7.52 -0.22139
7.56 -0.222589
7.6 -0.223776
7.64 -0.224953
7.68 -0.226118
7.72 -0.227272
7.76 -0.228416
7.8 -0.229549
7.84 -0.230672
7.88 -0.231784
7.92 -0.232885
7.96 -0.233976
8 -0.235057
8.04 -0.236128
8.08 -0.237189
8.12 -0.238241
8.16 -0.239282
8.2 -0.240314
8.24 -0.241336
8.28 -0.242348
8.32 -0.243351
8.36 -0.244345
8.4 -0.24533
8.44 -0.246306
8.48 -0.247272
8.52 -0.24823
8.56 -0.249179
8.6 -0.250119
8.64 -0.251051
8.68 -0.251973
8.72 -0.252888
8.76 -0.253794
8.8 -0.254692
8.84 -0.255581
8.88 -0.256463
8.92 -0.257336
8.96 -0.258202
9 -0.259059
9.04 -0.259909
9.08 -0.260751
9.12 -0.261585
9.16 -0.262412
9.2 -0.263232
9.24 -0.264044
9.28 -0.264848
9.32 -0.265646
9.36 -0.266436
9.4 -0.267219
9.44 -0.267996
9.48 -0.268765
9.52 -0.269527
9.56 -0.270283
9.6 -0.271032
9.64 -0.271774
9.68 -0.272509
9.72 -0.273238
9.76 -0.273961
9.8 -0.274677
9.84 -0.275387
9.88 -0.276091
9.92 -0.276788
9.96 -0.277479
10 -0.278165
10.04 -0.278844
10.08 -0.279517
10.12 -0.280185
10.16 -0.280846
10.2 -0.281502
10.24 -0.282153
10.28 -0.282797
10.32 -0.283436
10.36 -0.28407
10.4 -0.284698
10.44 -0.28532
10.48 -0.285938
10.52 -0.286549
10.56 -0.287156
10.6 -0.287758
10.64 -0.288354
10.68 -0.288946
10.72 -0.289532
10.76 -0.290113
10.8 -0.29069
10.84 -0.291261
10.88 -0.291828
10.92 -0.29239
10.96 -0.292947
11 -0.2935
11.04 -0.294048
11.08 -0.294591
11.12 -0.29513
11.16 -0.295664
11.2 -0.296194
11.24 -0.29672
11.28 -0.297241
11.32 -0.297758
11.36 -0.29827
11.4 -0.298778
11.44 -0.299283
11.48 -0.299783
11.52 -0.300279
11.56 -0.300771
11.6 -0.301258
11.64 -0.301742
11.68 -0.302222
11.72 -0.302698
11.76 -0.303171
11.8 -0.303639
11.84 -0.304104
11.88 -0.304564
11.92 -0.305022
11.96 -0.305475
12 -0.305925
12.04 -0.306371
12.08 -0.306814
12.12 -0.307253
12.16 -0.307689
12.2 -0.308121
12.24 -0.30855
12.28 -0.308976
12.32 -0.309398
12.36 -0.309816
12.4 -0.310232
12.44 -0.310644
12.48 -0.311053
12.52 -0.311459
12.56 -0.311862
12.6 -0.312261
12.64 -0.312658
12.68 -0.313051
12.72 -0.313441
12.76 -0.313829
12.8 -0.314213
12.84 -0.314594
12.88 -0.314973
12.92 -0.315348
12.96 -0.315721
13 -0.316091
13.04 -0.316458
13.08 -0.316822
13.12 -0.317184
13.16 -0.317543
13.2 -0.317899
13.24 -0.318252
13.28 -0.318603
13.32 -0.318951
13.36 -0.319296
13.4 -0.319639
13.44 -0.319979
13.48 -0.320317
13.52 -0.320652
13.56 -0.320985
13.6 -0.321316
13.64 -0.321643
13.68 -0.321969
13.72 -0.322292
13.76 -0.322613
13.8 -0.322931
13.84 -0.323247
13.88 -0.323561
13.92 -0.323872
13.96 -0.324181
14 -0.324488
14.04 -0.324793
14.08 -0.325095
14.12 -0.325396
14.16 -0.325694
14.2 -0.32599
14.24 -0.326284
14.28 -0.326575
14.32 -0.326865
14.36 -0.327153
14.4 -0.327438
14.44 -0.327722
14.48 -0.328003
14.52 -0.328283
14.56 -0.32856
14.6 -0.328836
14.64 -0.32911
14.68 -0.329381
14.72 -0.329651
14.76 -0.329919
14.8 -0.330185
14.84 -0.33045
14.88 -0.330712
14.92 -0.330972
14.96 -0.331231
15 -0.331488
15.04 -0.331743
15.08 -0.331997
15.12 -0.332249
15.16 -0.332498
15.2 -0.332747
15.24 -0.332993
15.28 -0.333238
15.32 -0.333481
15.36 -0.333723
15.4 -0.333963
15.44 -0.334201
15.48 -0.334438
15.52 -0.334673
15.56 -0.334906
15.6 -0.335138
15.64 -0.335369
15.68 -0.335597
15.72 -0.335825
15.76 -0.33605
15.8 -0.336275
15.84 -0.336498
15.88 -0.336719
15.92 -0.336939
15.96 -0.337157
16 -0.337374
16.04 -0.33759
16.08 -0.337804
16.12 -0.338016
16.16 -0.338228
16.2 -0.338438
16.24 -0.338646
16.28 -0.338853
16.32 -0.339059
16.36 -0.339264
16.4 -0.339467
16.44 -0.339669
16.48 -0.339869
16.52 -0.340069
16.56 -0.340267
16.6 -0.340463
16.64 -0.340659
16.68 -0.340853
16.72 -0.341046
16.76 -0.341238
16.8 -0.341428
16.84 -0.341618
16.88 -0.341806
16.92 -0.341993
16.96 -0.342179
17 -0.342363
17.04 -0.342547
17.08 -0.342729
17.12 -0.34291
17.16 -0.34309
17.2 -0.343269
17.24 -0.343447
17.28 -0.343623
17.32 -0.343799
17.36 -0.343974
17.4 -0.344147
17.44 -0.344319
17.48 -0.344491
17.52 -0.344661
17.56 -0.34483
17.6 -0.344998
17.64 -0.345165
17.68 -0.345331
17.72 -0.345496
17.76 -0.345661
17.8 -0.345824
17.84 -0.345986
17.88 -0.346147
17.92 -0.346307
17.96 -0.346466
18 -0.346624
18.04 -0.346782
18.08 -0.346938
18.12 -0.347093
18.16 -0.347248
18.2 -0.347401
18.24 -0.347554
18.28 -0.347706
18.32 -0.347857
18.36 -0.348007
18.4 -0.348156
18.44 -0.348304
18.48 -0.348451
18.52 -0.348597
18.56 -0.348743
18.6 -0.348888
18.64 -0.349032
18.68 -0.349175
18.72 -0.349317
18.76 -0.349458
18.8 -0.349599
18.84 -0.349738
18.88 -0.349877
18.92 -0.350015
18.96 -0.350153
19 -0.350289
19.04 -0.350425
19.08 -0.35056
19.12 -0.350694
19.16 -0.350828
19.2 -0.35096
19.24 -0.351092
19.28 -0.351223
19.32 -0.351354
19.36 -0.351484
19.4 -0.351612
19.44 -0.351741
19.48 -0.351868
19.52 -0.351995
19.56 -0.352121
19.6 -0.352246
19.64 -0.352371
19.68 -0.352495
19.72 -0.352618
19.76 -0.352741
19.8 -0.352863
19.84 -0.352984
19.88 -0.353104
19.92 -0.353224
19.96 -0.353344
20 -0.353462
20.04 -0.35358
20.08 -0.353697
20.12 -0.353814
20.16 -0.35393
20.2 -0.354045
20.24 -0.35416
20.28 -0.354274
20.32 -0.354387
20.36 -0.3545
20.4 -0.354613
20.44 -0.354724
20.48 -0.354835
20.52 -0.354946
20.56 -0.355055
20.6 -0.355165
20.64 -0.355273
20.68 -0.355381
20.72 -0.355489
20.76 -0.355596
20.8 -0.355702
20.84 -0.355808
20.88 -0.355913
20.92 -0.356018
20.96 -0.356122
21 -0.356225
21.04 -0.356328
21.08 -0.356431
21.12 -0.356533
21.16 -0.356634
21.2 -0.356735
21.24 -0.356835
21.28 -0.356935
21.32 -0.357034
21.36 -0.357133
21.4 -0.357231
21.44 -0.357329
21.48 -0.357426
21.52 -0.357523
21.56 -0.357619
21.6 -0.357715
21.64 -0.35781
21.68 -0.357905
21.72 -0.357999
21.76 -0.358093
21.8 -0.358186
21.84 -0.358279
21.88 -0.358371
21.92 -0.358463
21.96 -0.358555
22 -0.358646
22.04 -0.358736
22.08 -0.358826
22.12 -0.358916
22.16 -0.359005
22.2 -0.359093
22.24 -0.359182
22.28 -0.359269
22.32 -0.359357
22.36 -0.359444
22.4 -0.35953
22.44 -0.359616
22.48 -0.359702
22.52 -0.359787
22.56 -0.359872
22.6 -0.359956
22.64 -0.36004
22.68 -0.360123
22.72 -0.360206
22.76 -0.360289
22.8 -0.360371
22.84 -0.360453
22.88 -0.360535
22.92 -0.360616
22.96 -0.360696
23 -0.360777
23.04 -0.360856
23.08 -0.360936
23.12 -0.361015
23.16 -0.361094
23.2 -0.361172
23.24 -0.36125
23.28 -0.361328
23.32 -0.361405
23.36 -0.361482
23.4 -0.361558
23.44 -0.361634
23.48 -0.36171
23.52 -0.361785
23.56 -0.36186
23.6 -0.361935
23.64 -0.362009
23.68 -0.362083
23.72 -0.362157
23.76 -0.36223
23.8 -0.362303
23.84 -0.362375
23.88 -0.362447
23.92 -0.362519
23.96 -0.362591
24 -0.362662
24.04 -0.362733
24.08 -0.362803
24.12 -0.362873
24.16 -0.362943
24.2 -0.363013
24.24 -0.363082
24.28 -0.363151
24.32 -0.363219
24.36 -0.363288
24.4 -0.363356
24.44 -0.363423
24.48 -0.363491
24.52 -0.363558
24.56 -0.363624
24.6 -0.363691
24.64 -0.363757
24.68 -0.363822
24.72 -0.363888
24.76 -0.363953
24.8 -0.364018
24.84 -0.364082
24.88 -0.364147
24.92 -0.364211
24.96 -0.364274
25 -0.364338
25.04 -0.364401
25.08 -0.364464
25.12 -0.364526
25.16 -0.364588
25.2 -0.36465
25.24 -0.364712
25.28 -0.364773
25.32 -0.364835
25.36 -0.364895
25.4 -0.364956
25.44 -0.365016
25.48 -0.365076
25.52 -0.365136
25.56 -0.365196
25.6 -0.365255
25.64 -0.365314
25.68 -0.365373
25.72 -0.365431
25.76 -0.365489
25.8 -0.365547
25.84 -0.365605
25.88 -0.365663
25.92 -0.36572
25.96 -0.365777
26 -0.365833
26.04 -0.36589
26.08 -0.365946
26.12 -0.366002
26.16 -0.366058
26.2 -0.366113
26.24 -0.366168
26.28 -0.366223
26.32 -0.366278
26.36 -0.366333
26.4 -0.366387
26.44 -0.366441
26.48 -0.366495
26.52 -0.366548
26.56 -0.366602
26.6 -0.366655
26.64 -0.366708
26.68 -0.36676
26.72 -0.366813
26.76 -0.366865
26.8 -0.366917
26.84 -0.366969
26.88 -0.36702
26.92 -0.367072
26.96 -0.367123
27 -0.367174
27.04 -0.367224
27.08 -0.367275
27.12 -0.367325
27.16 -0.367375
27.2 -0.367425
27.24 -0.367475
27.28 -0.367524
27.32 -0.367573
27.36 -0.367622
27.4 -0.367671
27.44 -0.36772
27.48 -0.367768
27.52 -0.367816
27.56 -0.367864
27.6 -0.367912
27.64 -0.36796
27.68 -0.368007
27.72 -0.368054
27.76 -0.368101
27.8 -0.368148
27.84 -0.368195
27.88 -0.368241
27.92 -0.368287
27.96 -0.368333
28 -0.368379
28.04 -0.368425
28.08 -0.368471
28.12 -0.368516
28.16 -0.368561
28.2 -0.368606
28.24 -0.368651
28.28 -0.368695
28.32 -0.36874
28.36 -0.368784
28.4 -0.368828
28.44 -0.368872
28.48 -0.368915
28.52 -0.368959
28.56 -0.369002
28.6 -0.369045
28.64 -0.369088
28.68 -0.369131
28.72 -0.369174
28.76 -0.369216
28.8 -0.369259
28.84 -0.369301
28.88 -0.369343
28.92 -0.369385
28.96 -0.369426
29 -0.369468
29.04 -0.369509
29.08 -0.36955
29.12 -0.369591
29.16 -0.369632
29.2 -0.369673
29.24 -0.369713
29.28 -0.369753
29.32 -0.369794
29.36 -0.369834
29.4 -0.369873
29.44 -0.369913
29.48 -0.369953
29.52 -0.369992
29.56 -0.370031
29.6 -0.37007
29.64 -0.370109
29.68 -0.370148
29.72 -0.370187
29.76 -0.370225
29.8 -0.370264
29.84 -0.370302
29.88 -0.37034
29.92 -0.370378
29.96 -0.370416
30 -0.370453
30.04 -0.370491
30.08 -0.370528
30.12 -0.370565
30.16 -0.370602
30.2 -0.370639
30.24 -0.370676
30.28 -0.370713
30.32 -0.370749
30.36 -0.370785
30.4 -0.370822
30.44 -0.370858
30.48 -0.370894
30.52 -0.370929
30.56 -0.370965
30.6 -0.371001
30.64 -0.371036
30.68 -0.371071
30.72 -0.371106
30.76 -0.371141
30.8 -0.371176
30.84 -0.371211
30.88 -0.371246
30.92 -0.37128
30.96 -0.371314
31 -0.371349
31.04 -0.371383
31.08 -0.371417
31.12 -0.371451
31.16 -0.371484
31.2 -0.371518
31.24 -0.371551
31.28 -0.371585
31.32 -0.371618
31.36 -0.371651
31.4 -0.371684
31.44 -0.371717
31.48 -0.37175
31.52 -0.371782
31.56 -0.371815
31.6 -0.371847
31.64 -0.371879
31.68 -0.371911
31.72 -0.371943
31.76 -0.371975
31.8 -0.372007
31.84 -0.372039
31.88 -0.37207
31.92 -0.372102
31.96 -0.372133
32 -0.372164
32.04 -0.372196
32.08 -0.372227
32.12 -0.372257
32.16 -0.372288
32.2 -0.372319
32.24 -0.372349
32.28 -0.37238
32.32 -0.37241
32.36 -0.37244
32.4 -0.372471
32.44 -0.372501
32.48 -0.37253
32.52 -0.37256
32.56 -0.37259
32.6 -0.37262
32.64 -0.372649
32.68 -0.372678
32.72 -0.372708
32.76 -0.372737
32.8 -0.372766
32.84 -0.372795
32.88 -0.372824
32.92 -0.372853
32.96 -0.372881
33 -0.37291
33.04 -0.372938
33.08 -0.372967
33.12 -0.372995
33.16 -0.373023
33.2 -0.373051
33.24 -0.373079
33.28 -0.373107
33.32 -0.373135
33.36 -0.373162
33.4 -0.37319
33.44 -0.373218
33.48 -0.373245
33.52 -0.373272
33.56 -0.373299
33.6 -0.373327
33.64 -0.373354
33.68 -0.37338
33.72 -0.373407
33.76 -0.373434
33.8 -0.373461
33.84 -0.373487
33.88 -0.373514
33.92 -0.37354
33.96 -0.373566
34 -0.373593
34.04 -0.373619
34.08 -0.373645
34.12 -0.373671
34.16 -0.373697
34.2 -0.373722
34.24 -0.373748
34.28 -0.373774
34.32 -0.373799
34.36 -0.373824
34.4 -0.37385
34.44 -0.373875
34.48 -0.3739
34.52 -0.373925
34.56 -0.37395
34.6 -0.373975
34.64 -0.374
34.68 -0.374025
34.72 -0.374049
34.76 -0.374074
34.8 -0.374098
34.84 -0.374123
34.88 -0.374147
34.92 -0.374171
34.96 -0.374196
35 -0.37422
35.04 -0.374244
35.08 -0.374268
35.12 -0.374291
35.16 -0.374315
35.2 -0.374339
35.24 -0.374363
35.28 -0.374386
35.32 -0.37441
35.36 -0.374433
35.4 -0.374456
35.44 -0.374479
35.48 -0.374503
35.52 -0.374526
35.56 -0.374549
35.6 -0.374572
35.64 -0.374595
35.68 -0.374617
35.72 -0.37464
35.76 -0.374663
35.8 -0.374685
35.84 -0.374708
35.88 -0.37473
35.92 -0.374752
35.96 -0.374775
36 -0.374797
36.04 -0.374819
36.08 -0.374841
36.12 -0.374863
36.16 -0.374885
36.2 -0.374907
36.24 -0.374929
36.28 -0.37495
36.32 -0.374972
36.36 -0.374994
36.4 -0.375015
36.44 -0.375037
36.48 -0.375058
36.52 -0.375079
36.56 -0.3751
36.6 -0.375122
36.64 -0.375143
36.68 -0.375164
36.72 -0.375185
36.76 -0.375206
36.8 -0.375226
36.84 -0.375247
36.88 -0.375268
36.92 -0.375288
36.96 -0.375309
37 -0.37533
37.04 -0.37535
37.08 -0.37537
37.12 -0.375391
37.16 -0.375411
37.2 -0.375431
37.24 -0.375451
37.28 -0.375471
37.32 -0.375491
37.36 -0.375511
37.4 -0.375531
37.44 -0.375551
37.48 -0.375571
37.52 -0.37559
37.56 -0.37561
37.6 -0.37563
37.64 -0.375649
37.68 -0.375669
37.72 -0.375688
37.76 -0.375707
37.8 -0.375727
37.84 -0.375746
37.88 -0.375765
37.92 -0.375784
37.96 -0.375803
38 -0.375822
38.04 -0.375841
38.08 -0.37586
38.12 -0.375879
38.16 -0.375897
38.2 -0.375916
38.24 -0.375935
38.28 -0.375953
38.32 -0.375972
38.36 -0.37599
38.4 -0.376009
38.44 -0.376027
38.48 -0.376045
38.52 -0.376064
38.56 -0.376082
38.6 -0.3761
38.64 -0.376118
38.68 -0.376136
38.72 -0.376154
38.76 -0.376172
38.8 -0.37619
38.84 -0.376208
38.88 -0.376225
38.92 -0.376243
38.96 -0.376261
39 -0.376278
39.04 -0.376296
39.08 -0.376313
39.12 -0.376331
39.16 -0.376348
39.2 -0.376365
39.24 -0.376383
39.28 -0.3764
39.32 -0.376417
39.36 -0.376434
39.4 -0.376451
39.44 -0.376468
39.48 -0.376485
39.52 -0.376502
39.56 -0.376519
39.6 -0.376536
39.64 -0.376553
39.68 -0.37657
39.72 -0.376586
39.76 -0.376603
39.8 -0.37662
39.84 -0.376636
39.88 -0.376653
39.92 -0.376669
39.96 -0.376685
40 -0.376702
40.04 -0.376718
40.08 -0.376734
40.12 -0.376751
40.16 -0.376767
40.2 -0.376783
40.24 -0.376799
40.28 -0.376815
40.32 -0.376831
40.36 -0.376847
40.4 -0.376863
40.44 -0.376879
40.48 -0.376894
40.52 -0.37691
40.56 -0.376926
40.6 -0.376942
40.64 -0.376957
40.68 -0.376973
40.72 -0.376988
40.76 -0.377004
40.8 -0.377019
40.84 -0.377035
40.88 -0.37705
40.92 -0.377065
40.96 -0.377081
41 -0.377096
41.04 -0.377111
41.08 -0.377126
41.12 -0.377141
41.16 -0.377156
41.2 -0.377171
41.24 -0.377186
41.28 -0.377201
41.32 -0.377216
41.36 -0.377231
41.4 -0.377246
41.44 -0.37726
41.48 -0.377275
41.52 -0.37729
41.56 -0.377304
41.6 -0.377319
41.64 -0.377334
41.68 -0.377348
41.72 -0.377363
41.76 -0.377377
41.8 -0.377391
41.84 -0.377406
41.88 -0.37742
41.92 -0.377434
41.96 -0.377449
42 -0.377463
42.04 -0.377477
42.08 -0.377491
42.12 -0.377505
42.16 -0.377519
42.2 -0.377533
42.24 -0.377547
42.28 -0.377561
42.32 -0.377575
42.36 -0.377589
42.4 -0.377603
42.44 -0.377616
42.48 -0.37763
42.52 -0.377644
42.56 -0.377658
42.6 -0.377671
42.64 -0.377685
42.68 -0.377698
42.72 -0.377712
42.76 -0.377725
42.8 -0.377739
42.84 -0.377752
42.88 -0.377766
42.92 -0.377779
42.96 -0.377792
43 -0.377805
43.04 -0.377819
43.08 -0.377832
43.12 -0.377845
43.16 -0.377858
43.2 -0.377871
43.24 -0.377884
43.28 -0.377897
43.32 -0.37791
43.36 -0.377923
43.4 -0.377936
43.44 -0.377949
43.48 -0.377962
43.52 -0.377975
43.56 -0.377987
43.6 -0.378
43.64 -0.378013
43.68 -0.378026
43.72 -0.378038
43.76 -0.378051
43.8 -0.378063
43.84 -0.378076
43.88 -0.378088
43.92 -0.378101
43.96 -0.378113
44 -0.378126
44.04 -0.378138
44.08 -0.37815
44.12 -0.378163
44.16 -0.378175
44.2 -0.378187
44.24 -0.378199
44.28 -0.378212
44.32 -0.378224
44.36 -0.378236
44.4 -0.378248
44.44 -0.37826
44.48 -0.378272
44.52 -0.378284
44.56 -0.378296
44.6 -0.378308
44.64 -0.37832
44.68 -0.378332
44.72 -0.378344
44.76 -0.378355
44.8 -0.378367
44.84 -0.378379
44.88 -0.378391
44.92 -0.378402
44.96 -0.378414
45 -0.378426
45.04 -0.378437
45.08 -0.378449
45.12 -0.37846
45.16 -0.378472
45.2 -0.378483
45.24 -0.378495
45.28 -0.378506
45.32 -0.378518
45.36 -0.378529
45.4 -0.37854
45.44 -0.378552
45.48 -0.378563
45.52 -0.378574
45.56 -0.378585
45.6 -0.378597
45.64 -0.378608
45.68 -0.378619
45.72 -0.37863
45.76 -0.378641
45.8 -0.378652
45.84 -0.378663
45.88 -0.378674
45.92 -0.378685
45.96 -0.378696
46 -0.378707
46.04 -0.378718
46.08 -0.378729
46.12 -0.378739
46.16 -0.37875
46.2 -0.378761
46.24 -0.378772
46.28 -0.378782
46.32 -0.378793
46.36 -0.378804
46.4 -0.378815
46.44 -0.378825
46.48 -0.378836
46.52 -0.378846
46.56 -0.378857
46.6 -0.378867
46.64 -0.378878
46.68 -0.378888
46.72 -0.378899
46.76 -0.378909
46.8 -0.378919
46.84 -0.37893
46.88 -0.37894
46.92 -0.37895
46.96 -0.378961
47 -0.378971
47.04 -0.378981
47.08 -0.378991
47.12 -0.379002
47.16 -0.379012
47.2 -0.379022
47.24 -0.379032
47.28 -0.379042
47.32 -0.379052
47.36 -0.379062
47.4 -0.379072
47.44 -0.379082
47.48 -0.379092
47.52 -0.379102
47.56 -0.379112
47.6 -0.379122
47.64 -0.379132
47.68 -0.379142
47.72 -0.379151
47.76 -0.379161
47.8 -0.379171
47.84 -0.379181
47.88 -0.37919
47.92 -0.3792
47.96 -0.37921
48 -0.379219
48.04 -0.379229
48.08 -0.379239
48.12 -0.379248
48.16 -0.379258
48.2 -0.379267
48.24 -0.379277
48.28 -0.379286
48.32 -0.379296
48.36 -0.379305
48.4 -0.379315
48.44 -0.379324
48.48 -0.379334
48.52 -0.379343
48.56 -0.379352
48.6 -0.379362
48.64 -0.379371
48.68 -0.37938
48.72 -0.379389
48.76 -0.379399
48.8 -0.379408
48.84 -0.379417
48.88 -0.379426
48.92 -0.379435
48.96 -0.379444
49 -0.379453
49.04 -0.379463
49.08 -0.379472
49.12 -0.379481
49.16 -0.37949
49.2 -0.379499
49.24 -0.379508
49.28 -0.379517
49.32 -0.379525
49.36 -0.379534
49.4 -0.379543
49.44 -0.379552
49.48 -0.379561
49.52 -0.37957
49.56 -0.379579
49.6 -0.379587
49.64 -0.379596
49.68 -0.379605
49.72 -0.379614
49.76 -0.379622
49.8 -0.379631
49.84 -0.37964
49.88 -0.379648
49.92 -0.379657
49.96 -0.379666
50 -0.379674
50.04 -0.379683
50.08 -0.379691
50.12 -0.3797
50.16 -0.379708
50.2 -0.379717
50.24 -0.379725
50.28 -0.379734
50.32 -0.379742
50.36 -0.379751
50.4 -0.379759
50.44 -0.379767
50.48 -0.379776
50.52 -0.379784
50.56 -0.379792
50.6 -0.379801
50.64 -0.379809
50.68 -0.379817
50.72 -0.379825
50.76 -0.379834
50.8 -0.379842
50.84 -0.37985
50.88 -0.379858
50.92 -0.379866
50.96 -0.379874
51 -0.379882
51.04 -0.379891
51.08 -0.379899
51.12 -0.379907
51.16 -0.379915
51.2 -0.379923
51.24 -0.379931
51.28 -0.379939
51.32 -0.379947
51.36 -0.379955
51.4 -0.379963
51.44 -0.379971
51.48 -0.379978
51.52 -0.379986
51.56 -0.379994
51.6 -0.380002
51.64 -0.38001
51.68 -0.380018
51.72 -0.380025
51.76 -0.380033
51.8 -0.380041
51.84 -0.380049
51.88 -0.380056
51.92 -0.380064
51.96 -0.380072
52 -0.38008
52.04 -0.380087
52.08 -0.380095
52.12 -0.380102
52.16 -0.38011
52.2 -0.380118
52.24 -0.380125
52.28 -0.380133
52.32 -0.38014
52.36 -0.380148
52.4 -0.380155
52.44 -0.380163
52.48 -0.38017
52.52 -0.380178
52.56 -0.380185
52.6 -0.380193
52.64 -0.3802
52.68 -0.380207
52.72 -0.380215
52.76 -0.380222
52.8 -0.380229
52.84 -0.380237
52.88 -0.380244
52.92 -0.380251
52.96 -0.380259
53 -0.380266
53.04 -0.380273
53.08 -0.38028
53.12 -0.380288
53.16 -0.380295
53.2 -0.380302
53.24 -0.380309
53.28 -0.380316
53.32 -0.380324
53.36 -0.380331
53.4 -0.380338
53.44 -0.380345
53.48 -0.380352
53.52 -0.380359
53.56 -0.380366
53.6 -0.380373
53.64 -0.38038
53.68 -0.380387
53.72 -0.380394
53.76 -0.380401
53.8 -0.380408
53.84 -0.380415
53.88 -0.380422
53.92 -0.380429
53.96 -0.380436
54 -0.380443
54.04 -0.38045
54.08 -0.380456
54.12 -0.380463
54.16 -0.38047
54.2 -0.380477
54.24 -0.380484
54.28 -0.380491
54.32 -0.380497
54.36 -0.380504
54.4 -0.380511
54.44 -0.380518
54.48 -0.380524
54.52 -0.380531
54.56 -0.380538
54.6 -0.380544
54.64 -0.380551
54.68 -0.380558
54.72 -0.380564
54.76 -0.380571
54.8 -0.380578
54.84 -0.380584
54.88 -0.380591
54.92 -0.380597
54.96 -0.380604
55 -0.38061
55.04 -0.380617
55.08 -0.380623
55.12 -0.38063
55.16 -0.380636
55.2 -0.380643
55.24 -0.380649
55.28 -0.380656
55.32 -0.380662
55.36 -0.380669
55.4 -0.380675
55.44 -0.380681
55.48 -0.380688
55.52 -0.380694
55.56 -0.380701
55.6 -0.380707
55.64 -0.380713
55.68 -0.38072
55.72 -0.380726
55.76 -0.380732
55.8 -0.380738
55.84 -0.380745
55.88 -0.380751
55.92 -0.380757
55.96 -0.380763
56 -0.38077
56.04 -0.380776
56.08 -0.380782
56.12 -0.380788
56.16 -0.380794
56.2 -0.380801
56.24 -0.380807
56.28 -0.380813
56.32 -0.380819
56.36 -0.380825
56.4 -0.380831
56.44 -0.380837
56.48 -0.380843
56.52 -0.380849
56.56 -0.380855
56.6 -0.380861
56.64 -0.380867
56.68 -0.380873
56.72 -0.380879
56.76 -0.380885
56.8 -0.380891
56.84 -0.380897
56.88 -0.380903
56.92 -0.380909
56.96 -0.380915
57 -0.380921
57.04 -0.380927
57.08 -0.380933
57.12 -0.380939
57.16 -0.380945
57.2 -0.38095
57.24 -0.380956
57.28 -0.380962
57.32 -0.380968
57.36 -0.380974
57.4 -0.38098
57.44 -0.380985
57.48 -0.380991
57.52 -0.380997
57.56 -0.381003
57.6 -0.381008
57.64 -0.381014
57.68 -0.38102
57.72 -0.381026
57.76 -0.381031
57.8 -0.381037
57.84 -0.381043
57.88 -0.381048
57.92 -0.381054
57.96 -0.38106
58 -0.381065
58.04 -0.381071
58.08 -0.381076
58.12 -0.381082
58.16 -0.381088
58.2 -0.381093
58.24 -0.381099
58.28 -0.381104
58.32 -0.38111
58.36 -0.381115
58.4 -0.381121
58.44 -0.381126
58.48 -0.381132
58.52 -0.381137
58.56 -0.381143
58.6 -0.381148
58.64 -0.381154
58.68 -0.381159
58.72 -0.381165
58.76 -0.38117
58.8 -0.381176
58.84 -0.381181
58.88 -0.381186
58.92 -0.381192
58.96 -0.381197
59 -0.381203
59.04 -0.381208
59.08 -0.381213
59.12 -0.381219
59.16 -0.381224
59.2 -0.381229
59.24 -0.381235
59.28 -0.38124
59.32 -0.381245
59.36 -0.38125
59.4 -0.381256
59.44 -0.381261
59.48 -0.381266
59.52 -0.381271
59.56 -0.381277
59.6 -0.381282
59.64 -0.381287
59.68 -0.381292
59.72 -0.381297
59.76 -0.381303
59.8 -0.381308
59.84 -0.381313
59.88 -0.381318
59.92 -0.381323
59.96 -0.381328
60 -0.381334
__settings__ -1 9 2 0 1 1
R(1,2) [ohm]
0.04 0.0608288
0.08 0.0990975
0.12 0.119306
0.16 0.129331
0.2 0.13461
0.24 0.13754
0.28 0.139194
0.32 0.14009
0.36 0.140499
0.4 0.140575
0.44 0.140405
0.48 0.140046
0.52 0.139535
0.56 0.138895
0.6 0.138144
0.64 0.137293
0.68 0.136353
0.72 0.135329
0.76 0.134227
0.8 0.133052
0.84 0.131807
0.88 0.130494
0.92 0.129118
0.96 0.127679
1 0.126181
1.04 0.124624
1.08 0.123012
1.12 0.121344
1.16 0.119624
1.2 0.117853
1.24 0.116031
1.28 0.114161
1.32 0.112244
1.36 0.110282
1.4 0.108276
1.44 0.106226
1.48 0.104136
1.52 0.102005
1.56 0.0998359
1.6 0.0976295
1.64 0.0953871
1.68 0.0931101
1.72 0.0907999
1.76 0.0884577
1.8 0.0860848
1.84 0.0836827
1.88 0.0812524
1.92 0.0787954
1.96 0.0763129
2 0.0738062
2.04 0.0712764
2.08 0.0687248
2.12 0.0661527
2.16 0.0635611
2.2 0.0609514
2.24 0.0583246
2.28 0.0556819
2.32 0.0530244
2.36 0.0503532
2.4 0.0476695
2.44 0.0449743
2.48 0.0422686
2.52 0.0395535
2.56 0.03683
2.6 0.034099
2.64 0.0313616
2.68 0.0286186
2.72 0.0258711
2.76 0.0231198
2.8 0.0203658
2.84 0.0176098
2.88 0.0148526
2.92 0.0120952
2.96 0.00933826
3 0.00658256
3.04 0.00382886
3.08 0.00107789
3.12 -0.00166965
3.16 -0.00441309
3.2 -0.00715175
3.24 -0.00988501
3.28 -0.0126122
3.32 -0.0153329
3.36 -0.0180463
3.4 -0.0207519
3.44 -0.0234493
3.48 -0.0261379
3.52 -0.0288172
3.56 -0.0314867
3.6 -0.034146
3.64 -0.0367946
3.68 -0.0394322
3.72 -0.0420582
3.76 -0.0446724
3.8 -0.0472744
3.84 -0.0498638
3.88 -0.0524402
3.92 -0.0550034
3.96 -0.0575531
4 -0.060089
4.04 -0.0626108
4.08 -0.0651183
4.12 -0.0676111
4.16 -0.0700892
4.2 -0.0725522
4.24 -0.0750001
4.28 -0.0774325
4.32 -0.0798493
4.36 -0.0822504
4.4 -0.0846356
4.44 -0.0870048
4.48 -0.0893578
4.52 -0.0916945
4.56 -0.0940149
4.6 -0.0963187
4.64 -0.0986061
4.68 -0.100877
4.72 -0.103131
4.76 -0.105368
4.8 -0.107588
4.84 -0.109792
4.88 -0.111978
4.92 -0.114148
4.96 -0.116301
5 -0.118437
5.04 -0.120556
5.08 -0.122658
5.12 -0.124743
5.16 -0.126811
5.2 -0.128862
5.24 -0.130896
5.28 -0.132913
5.32 -0.134914
5.36 -0.136898
5.4 -0.138865
5.44 -0.140815
5.48 -0.142749
5.52 -0.144666
5.56 -0.146567
5.6 -0.148451
5.64 -0.150319
5.68 -0.15217
5.72 -0.154006
5.76 -0.155825
5.8 -0.157628
5.84 -0.159415
5.88 -0.161186
5.92 -0.162942
5.96 -0.164681
6 -0.166405
6.04 -0.168114
6.08 -0.169807
6.12 -0.171485
6.16 -0.173147
6.2 -0.174795
6.24 -0.176427
6.28 -0.178045
6.32 -0.179647
6.36 -0.181235
6.4 -0.182809
6.44 -0.184368
6.48 -0.185912
6.52 -0.187442
6.56 -0.188958
6.6 -0.19046
6.64 -0.191948
6.68 -0.193423
6.72 -0.194883
6.76 -0.19633
6.8 -0.197764
6.84 -0.199184
6.88 -0.20059
6.92 -0.201984
6.96 -0.203365
7 -0.204733
7.04 -0.206088
7.08 -0.20743
7.12 -0.208759
7.16 -0.210077
7.2 -0.211382
7.24 -0.212674
7.28 -0.213955
7.32 -0.215223
7.36 -0.21648
7.4 -0.217725
7.44 -0.218958
7.48 -0.22018
7.52 -0.22139
7.56 -0.222589
7.6 -0.223776
7.64 -0.224953
7.68 -0.226118
7.72 -0.227272
7.76 -0.228416
7.8 -0.229549
7.84 -0.230672
7.88 -0.231784
7.92 -0.232885
7.96 -0.233976
8 -0.235057
8.04 -0.236128
8.08 -0.237189
8.12 -0.238241
8.16 -0.239282
8.2 -0.240314
8.24 -0.241336
8.28 -0.242348
8.32 -0.243351
8.36 -0.244345
8.4 -0.24533
8.44 -0.246306
8.48 -0.247272
8.52 -0.24823
8.56 -0.249179
8.6 -0.250119
8.64 -0.251051
8.68 -0.251973
8.72 -0.252888
8.76 -0.253794
8.8 -0.254692
8.84 -0.255581
8.88 -0.256463
8.92 -0.257336
8.96 -0.258202
9 -0.259059
9.04 -0.259909
9.08 -0.260751
9.12 -0.261585
9.16 -0.262412
9.2 -0.263232
9.24 -0.264044
9.28 -0.264848
9.32 -0.265646
9.36 -0.266436
9.4 -0.267219
9.44 -0.267996
9.48 -0.268765
9.52 -0.269527
9.56 -0.270283
9.6 -0.271032
9.64 -0.271774
9.68 -0.272509
9.72 -0.273238
9.76 -0.273961
9.8 -0.274677
9.84 -0.275387
9.88 -0.276091
9.92 -0.276788
9.96 -0.277479
10 -0.278165
10.04 -0.278844
10.08 -0.279517
10.12 -0.280185
10.16 -0.280846
10.2 -0.281502
10.24 -0.282153
10.28 -0.282797
10.32 -0.283436
10.36 -0.28407
10.4 -0.284698
10.44 -0.28532
10.48 -0.285938
10.52 -0.286549
10.56 -0.287156
10.6 -0.287758
10.64 -0.288354
10.68 -0.288946
10.72 -0.289532
10.76 -0.290113
10.8 -0.29069
10.84 -0.291261
10.88 -0.291828
10.92 -0.29239
10.96 -0.292947
11 -0.2935
11.04 -0.294048
11.08 -0.294591
11.12 -0.29513
11.16 -0.295664
11.2 -0.296194
11.24 -0.29672
11.28 -0.297241
11.32 -0.297758
11.36 -0.29827
11.4 -0.298778
11.44 -0.299283
11.48 -0.299783
11.52 -0.300279
11.56 -0.300771
11.6 -0.301258
11.64 -0.301742
11.68 -0.302222
11.72 -0.302698
11.76 -0.303171
11.8 -0.303639
11.84 -0.304104
11.88 -0.304564
11.92 -0.305022
11.96 -0.305475
12 -0.305925
12.04 -0.306371
12.08 -0.306814
12.12 -0.307253
12.16 -0.307689
12.2 -0.308121
12.24 -0.30855
12.28 -0.308976
12.32 -0.309398
12.36 -0.309816
12.4 -0.310232
12.44 -0.310644
12.48 -0.311053
12.52 -0.311459
12.56 -0.311862
12.6 -0.312261
12.64 -0.312658
12.68 -0.313051
12.72 -0.313441
12.76 -0.313829
12.8 -0.314213
12.84 -0.314594
12.88 -0.314973
12.92 -0.315348
12.96 -0.315721
13 -0.316091
13.04 -0.316458
13.08 -0.316822
13.12 -0.317184
13.16 -0.317543
13.2 -0.317899
13.24 -0.318252
13.28 -0.318603
13.32 -0.318951
13.36 -0.319296
13.4 -0.319639
13.44 -0.319979
13.48 -0.320317
13.52 -0.320652
13.56 -0.320985
13.6 -0.321316
13.64 -0.321643
13.68 -0.321969
13.72 -0.322292
13.76 -0.322613
13.8 -0.322931
13.84 -0.323247
13.88 -0.323561
13.92 -0.323872
13.96 -0.324181
14 -0.324488
14.04 -0.324793
14.08 -0.325095
14.12 -0.325396
14.16 -0.325694
14.2 -0.32599
14.24 -0.326284
14.28 -0.326575
14.32 -0.326865
14.36 -0.327153
14.4 -0.327438
14.44 -0.327722
14.48 -0.328003
14.52 -0.328283
14.56 -0.32856
14.6 -0.328836
14.64 -0.32911
14.68 -0.329381
14.72 -0.329651
14.76 -0.329919
14.8 -0.330185
14.84 -0.33045
14.88 -0.330712
14.92 -0.330972
14.96 -0.331231
15 -0.331488
15.04 -0.331743
15.08 -0.331997
15.12 -0.332249
15.16 -0.332498
15.2 -0.332747
15.24 -0.332993
15.28 -0.333238
15.32 -0.333481
15.36 -0.333723
15.4 -0.333963
15.44 -0.334201
15.48 -0.334438
15.52 -0.334673
15.56 -0.334906
15.6 -0.335138
15.64 -0.335369
15.68 -0.335597
15.72 -0.335825
15.76 -0.33605
15.8 -0.336275
15.84 -0.336498
15.88 -0.336719
15.92 -0.336939
15.96 -0.337157
16 -0.337374
16.04 -0.33759
16.08 -0.337804
16.12 -0.338016
16.16 -0.338228
16.2 -0.338438
16.24 -0.338646
16.28 -0.338853
16.32 -0.339059
16.36 -0.339264
16.4 -0.339467
16.44 -0.339669
16.48 -0.339869
16.52 -0.340069
16.56 -0.340267
16.6 -0.340463
16.64 -0.340659
16.68 -0.340853
16.72 -0.341046
16.76 -0.341238
16.8 -0.341428
16.84 -0.341618
16.88 -0.341806
16.92 -0.341993
16.96 -0.342179
17 -0.342363
17.04 -0.342547
17.08 -0.342729
17.12 -0.34291
17.16 -0.34309
17.2 -0.343269
17.24 -0.343447
17.28 -0.343623
17.32 -0.343799
17.36 -0.343974
17.4 -0.344147
17.44 -0.344319
17.48 -0.344491
17.52 -0.344661
17.56 -0.34483
17.6 -0.344998
17.64 -0.345165
17.68 -0.345331
17.72 -0.345496
17.76 -0.345661
17.8 -0.345824
17.84 -0.345986
17.88 -0.346147
17.92 -0.346307
17.96 -0.346466
18 -0.346624
18.04 -0.346782
18.08 -0.346938
18.12 -0.347093
18.16 -0.347248
18.2 -0.347401
18.24 -0.347554
18.28 -0.347706
18.32 -0.347857
18.36 -0.348007
18.4 -0.348156
18.44 -0.348304
18.48 -0.348451
18.52 -0.348597
18.56 -0.348743
18.6 -0.348888
18.64 -0.349032
18.68 -0.349175
18.72 -0.349317
18.76 -0.349458
18.8 -0.349599
18.84 -0.349738
18.88 -0.349877
18.92 -0.350015
18.96 -0.350153
19 -0.350289
19.04 -0.350425
19.08 -0.35056
19.12 -0.350694
19.16 -0.350828
19.2 -0.35096
19.24 -0.351092
19.28 -0.351223
19.32 -0.351354
19.36 -0.351484
19.4 -0.351612
19.44 -0.351741
19.48 -0.351868
19.52 -0.351995
19.56 -0.352121
19.6 -0.352246
19.64 -0.352371
19.68 -0.352495
19.72 -0.352618
19.76 -0.352741
19.8 -0.352863
19.84 -0.352984
19.88 -0.353104
19.92 -0.353224
19.96 -0.353344
20 -0.353462
20.04 -0.35358
20.08 -0.353697
20.12 -0.353814
20.16 -0.35393
20.2 -0.354045
20.24 -0.35416
20.28 -0.354274
20.32 -0.354387
20.36 -0.3545
20.4 -0.354613
20.44 -0.354724
20.48 -0.354835
20.52 -0.354946
20.56 -0.355055
20.6 -0.355165
20.64 -0.355273
20.68 -0.355381
20.72 -0.355489
20.76 -0.355596
20.8 -0.355702
20.84 -0.355808
20.88 -0.355913
20.92 -0.356018
20.96 -0.356122
21 -0.356225
21.04 -0.356328
21.08 -0.356431
21.12 -0.356533
21.16 -0.356634
21.2 -0.356735
21.24 -0.356835
21.28 -0.356935
21.32 -0.357034
21.36 -0.357133
21.4 -0.357231
21.44 -0.357329
21.48 -0.357426
21.52 -0.357523
21.56 -0.357619
21.6 -0.357715
21.64 -0.35781
21.68 -0.357905
21.72 -0.357999
21.76 -0.358093
21.8 -0.358186
21.84 -0.358279
21.88 -0.358371
21.92 -0.358463
21.96 -0.358555
22 -0.358646
22.04 -0.358736
22.08 -0.358826
22.12 -0.358916
22.16 -0.359005
22.2 -0.359093
22.24 -0.359182
22.28 -0.359269
22.32 -0.359357
22.36 -0.359444
22.4 -0.35953
22.44 -0.359616
22.48 -0.359702
22.52 -0.359787
22.56 -0.359872
22.6 -0.359956
22.64 -0.36004
22.68 -0.360123
22.72 -0.360206
22.76 -0.360289
22.8 -0.360371
22.84 -0.360453
22.88 -0.360535
22.92 -0.360616
22.96 -0.360696
23 -0.360777
23.04 -0.360856
23.08 -0.360936
23.12 -0.361015
23.16 -0.361094
23.2 -0.361172
23.24 -0.36125
23.28 -0.361328
23.32 -0.361405
23.36 -0.361482
23.4 -0.361558
23.44 -0.361634
23.48 -0.36171
23.52 -0.361785
23.56 -0.36186
23.6 -0.361935
23.64 -0.362009
23.68 -0.362083
23.72 -0.362157
23.76 -0.36223
23.8 -0.362303
23.84 -0.362375
23.88 -0.362447
23.92 -0.362519
23.96 -0.362591
24 -0.362662
24.04 -0.362733
24.08 -0.362803
24.12 -0.362873
24.16 -0.362943
24.2 -0.363013
24.24 -0.363082
24.28 -0.363151
24.32 -0.363219
24.36 -0.363288
24.4 -0.363356
24.44 -0.363423
24.48 -0.363491
24.52 -0.363558
24.56 -0.363624
24.6 -0.363691
24.64 -0.363757
24.68 -0.363822
24.72 -0.363888
24.76 -0.363953
24.8 -0.364018
24.84 -0.364082
24.88 -0.364147
24.92 -0.364211
24.96 -0.364274
25 -0.364338
25.04 -0.364401
25.08 -0.364464
25.12 -0.364526
25.16 -0.364588
25.2 -0.36465
25.24 -0.364712
25.28 -0.364773
25.32 -0.364835
25.36 -0.364895
25.4 -0.364956
25.44 -0.365016
25.48 -0.365076
25.52 -0.365136
25.56 -0.365196
25.6 -0.365255
25.64 -0.365314
25.68 -0.365373
25.72 -0.365431
25.76 -0.365489
25.8 -0.365547
25.84 -0.365605
25.88 -0.365663
25.92 -0.36572
25.96 -0.365777
26 -0.365833
26.04 -0.36589
26.08 -0.365946
26.12 -0.366002
26.16 -0.366058
26.2 -0.366113
26.24 -0.366168
26.28 -0.366223
26.32 -0.366278
26.36 -0.366333
26.4 -0.366387
26.44 -0.366441
26.48 -0.366495
26.52 -0.366548
26.56 -0.366602
26.6 -0.366655
26.64 -0.366708
26.68 -0.36676
26.72 -0.366813
26.76 -0.366865
26.8 -0.366917
26.84 -0.366969
26.88 -0.36702
26.92 -0.367072
26.96 -0.367123
27 -0.367174
27.04 -0.367224
27.08 -0.367275
27.12 -0.367325
27.16 -0.367375
27.2 -0.367425
27.24 -0.367475
27.28 -0.367524
27.32 -0.367573
27.36 -0.367622
27.4 -0.367671
27.44 -0.36772
27.48 -0.367768
27.52 -0.367816
27.56 -0.367864
27.6 -0.367912
27.64 -0.36796
27.68 -0.368007
27.72 -0.368054
27.76 -0.368101
27.8 -0.368148
27.84 -0.368195
27.88 -0.368241
27.92 -0.368287
27.96 -0.368333
28 -0.368379
28.04 -0.368425
28.08 -0.368471
28.12 -0.368516
28.16 -0.368561
28.2 -0.368606
28.24 -0.368651
28.28 -0.368695
28.32 -0.36874
28.36 -0.368784
28.4 -0.368828
28.44 -0.368872
28.48 -0.368915
28.52 -0.368959
28.56 -0.369002
28.6 -0.369045
28.64 -0.369088
28.68 -0.369131
28.72 -0.369174
28.76 -0.369216
28.8 -0.369259
28.84 -0.369301
28.88 -0.369343
28.92 -0.369385
28.96 -0.369426
29 -0.369468
29.04 -0.369509
29.08 -0.36955
29.12 -0.369591
29.16 -0.369632
29.2 -0.369673
29.24 -0.369713
29.28 -0.369753
29.32 -0.369794
29.36 -0.369834
29.4 -0.369873
29.44 -0.369913
29.48 -0.369953
29.52 -0.369992
29.56 -0.370031
29.6 -0.37007
29.64 -0.370109
29.68 -0.370148
29.72 -0.370187
29.76 -0.370225
29.8 -0.370264
29.84 -0.370302
29.88 -0.37034
29.92 -0.370378
29.96 -0.370416
30 -0.370453
30.04 -0.370491
30.08 -0.370528
30.12 -0.370565
30.16 -0.370602
30.2 -0.370639
30.24 -0.370676
30.28 -0.370713
30.32 -0.370749
30.36 -0.370785
30.4 -0.370822
30.44 -0.370858
30.48 -0.370894
30.52 -0.370929
30.56 -0.370965
30.6 -0.371001
30.64 -0.371036
30.68 -0.371071
30.72 -0.371106
30.76 -0.371141
30.8 -0.371176
30.84 -0.371211
30.88 -0.371246
30.92 -0.37128
30.96 -0.371314
31 -0.371349
31.04 -0.371383
31.08 -0.371417
31.12 -0.371451
31.16 -0.371484
31.2 -0.371518
31.24 -0.371551
31.28 -0.371585
31.32 -0.371618
31.36 -0.371651
31.4 -0.371684
31.44 -0.371717
31.48 -0.37175
31.52 -0.371782
31.56 -0.371815
31.6 -0.371847
31.64 -0.371879
31.68 -0.371911
31.72 -0.371943
31.76 -0.371975
31.8 -0.372007
31.84 -0.372039
31.88 -0.37207
31.92 -0.372102
31.96 -0.372133
32 -0.372164
32.04 -0.372196
32.08 -0.372227
32.12 -0.372257
32.16 -0.372288
32.2 -0.372319
32.24 -0.372349
32.28 -0.37238
32.32 -0.37241
32.36 -0.37244
32.4 -0.372471
32.44 -0.372501
32.48 -0.37253
32.52 -0.37256
32.56 -0.37259
32.6 -0.37262
32.64 -0.372649
32.68 -0.372678
32.72 -0.372708
32.76 -0.372737
32.8 -0.372766
32.84 -0.372795
32.88 -0.372824
32.92 -0.372853
32.96 -0.372881
33 -0.37291
33.04 -0.372938
33.08 -0.372967
33.12 -0.372995
33.16 -0.373023
33.2 -0.373051
33.24 -0.373079
33.28 -0.373107
33.32 -0.373135
33.36 -0.373162
33.4 -0.37319
33.44 -0.373218
33.48 -0.373245
33.52 -0.373272
33.56 -0.373299
33.6 -0.373327
33.64 -0.373354
33.68 -0.37338
33.72 -0.373407
33.76 -0.373434
33.8 -0.373461
33.84 -0.373487
33.88 -0.373514
33.92 -0.37354
33.96 -0.373566
34 -0.373593
34.04 -0.373619
34.08 -0.373645
34.12 -0.373671
34.16 -0.373697
34.2 -0.373722
34.24 -0.373748
34.28 -0.373774
34.32 -0.373799
34.36 -0.373824
34.4 -0.37385
34.44 -0.373875
34.48 -0.3739
34.52 -0.373925
34.56 -0.37395
34.6 -0.373975
34.64 -0.374
34.68 -0.374025
34.72 -0.374049
34.76 -0.374074
34.8 -0.374098
34.84 -0.374123
34.88 -0.374147
34.92 -0.374171
34.96 -0.374196
35 -0.37422
35.04 -0.374244
35.08 -0.374268
35.12 -0.374291
35.16 -0.374315
35.2 -0.374339
35.24 -0.374363
35.28 -0.374386
35.32 -0.37441
35.36 -0.374433
35.4 -0.374456
35.44 -0.374479
35.48 -0.374503
35.52 -0.374526
35.56 -0.374549
35.6 -0.374572
35.64 -0.374595
35.68 -0.374617
35.72 -0.37464
35.76 -0.374663
35.8 -0.374685
35.84 -0.374708
35.88 -0.37473
35.92 -0.374752
35.96 -0.374775
36 -0.374797
36.04 -0.374819
36.08 -0.374841
36.12 -0.374863
36.16 -0.374885
36.2 -0.374907
36.24 -0.374929
36.28 -0.37495
36.32 -0.374972
36.36 -0.374994
36.4 -0.375015
36.44 -0.375037
36.48 -0.375058
36.52 -0.375079
36.56 -0.3751
36.6 -0.375122
36.64 -0.375143
36.68 -0.375164
36.72 -0.375185
36.76 -0.375206
36.8 -0.375226
36.84 -0.375247
36.88 -0.375268
36.92 -0.375288
36.96 -0.375309
37 -0.37533
37.04 -0.37535
37.08 -0.37537
37.12 -0.375391
37.16 -0.375411
37.2 -0.375431
37.24 -0.375451
37.28 -0.375471
37.32 -0.375491
37.36 -0.375511
37.4 -0.375531
37.44 -0.375551
37.48 -0.375571
37.52 -0.37559
37.56 -0.37561
37.6 -0.37563
37.64 -0.375649
37.68 -0.375669
37.72 -0.375688
37.76 -0.375707
37.8 -0.375727
37.84 -0.375746
37.88 -0.375765
37.92 -0.375784
37.96 -0.375803
38 -0.375822
38.04 -0.375841
38.08 -0.37586
38.12 -0.375879
38.16 -0.375897
38.2 -0.375916
38.24 -0.375935
38.28 -0.375953
38.32 -0.375972
38.36 -0.37599
38.4 -0.376009
38.44 -0.376027
38.48 -0.376045
38.52 -0.376064
38.56 -0.376082
38.6 -0.3761
38.64 -0.376118
38.68 -0.376136
38.72 -0.376154
38.76 -0.376172
38.8 -0.37619
38.84 -0.376208
38.88 -0.376225
38.92 -0.376243
38.96 -0.376261
39 -0.376278
39.04 -0.376296
39.08 -0.376313
39.12 -0.376331
39.16 -0.376348
39.2 -0.376365
39.24 -0.376383
39.28 -0.3764
39.32 -0.376417
39.36 -0.376434
39.4 -0.376451
39.44 -0.376468
39.48 -0.376485
39.52 -0.376502
39.56 -0.376519
39.6 -0.376536
39.64 -0.376553
39.68 -0.37657
39.72 -0.376586
39.76 -0.376603
39.8 -0.37662
39.84 -0.376636
39.88 -0.376653
39.92 -0.376669
39.96 -0.376685
40 -0.376702
40.04 -0.376718
40.08 -0.376734
40.12 -0.376751
40.16 -0.376767
40.2 -0.376783
40.24 -0.376799
40.28 -0.376815
40.32 -0.376831
40.36 -0.376847
40.4 -0.376863
40.44 -0.376879
40.48 -0.376894
40.52 -0.37691
40.56 -0.376926
40.6 -0.376942
40.64 -0.376957
40.68 -0.376973
40.72 -0.376988
40.76 -0.377004
40.8 -0.377019
40.84 -0.377035
40.88 -0.37705
40.92 -0.377065
40.96 -0.377081
41 -0.377096
41.04 -0.377111
41.08 -0.377126
41.12 -0.377141
41.16 -0.377156
41.2 -0.377171
41.24 -0.377186
41.28 -0.377201
41.32 -0.377216
41.36 -0.377231
41.4 -0.377246
41.44 -0.37726
41.48 -0.377275
41.52 -0.37729
41.56 -0.377304
41.6 -0.377319
41.64 -0.377334
41.68 -0.377348
41.72 -0.377363
41.76 -0.377377
41.8 -0.377391
41.84 -0.377406
41.88 -0.37742
41.92 -0.377434
41.96 -0.377449
42 -0.377463
42.04 -0.377477
42.08 -0.377491
42.12 -0.377505
42.16 -0.377519
42.2 -0.377533
42.24 -0.377547
42.28 -0.377561
42.32 -0.377575
42.36 -0.377589
42.4 -0.377603
42.44 -0.377616
42.48 -0.37763
42.52 -0.377644
42.56 -0.377658
42.6 -0.377671
42.64 -0.377685
42.68 -0.377698
42.72 -0.377712
42.76 -0.377725
42.8 -0.377739
42.84 -0.377752
42.88 -0.377766
42.92 -0.377779
42.96 -0.377792
43 -0.377805
43.04 -0.377819
43.08 -0.377832
43.12 -0.377845
43.16 -0.377858
43.2 -0.377871
43.24 -0.377884
43.28 -0.377897
43.32 -0.37791
43.36 -0.377923
43.4 -0.377936
43.44 -0.377949
43.48 -0.377962
43.52 -0.377975
43.56 -0.377987
43.6 -0.378
43.64 -0.378013
43.68 -0.378026
43.72 -0.378038
43.76 -0.378051
43.8 -0.378063
43.84 -0.378076
43.88 -0.378088
43.92 -0.378101
43.96 -0.378113
44 -0.378126
44.04 -0.378138
44.08 -0.37815
44.12 -0.378163
44.16 -0.378175
44.2 -0.378187
44.24 -0.378199
44.28 -0.378212
44.32 -0.378224
44.36 -0.378236
44.4 -0.378248
44.44 -0.37826
44.48 -0.378272
44.52 -0.378284
44.56 -0.378296
44.6 -0.378308
44.64 -0.37832
44.68 -0.378332
44.72 -0.378344
44.76 -0.378355
44.8 -0.378367
44.84 -0.378379
44.88 -0.378391
44.92 -0.378402
44.96 -0.378414
45 -0.378426
45.04 -0.378437
45.08 -0.378449
45.12 -0.37846
45.16 -0.378472
45.2 -0.378483
45.24 -0.378495
45.28 -0.378506
45.32 -0.378518
45.36 -0.378529
45.4 -0.37854
45.44 -0.378552
45.48 -0.378563
45.52 -0.378574
45.56 -0.378585
45.6 -0.378597
45.64 -0.378608
45.68 -0.378619
45.72 -0.37863
45.76 -0.378641
45.8 -0.378652
45.84 -0.378663
45.88 -0.378674
45.92 -0.378685
45.96 -0.378696
46 -0.378707
46.04 -0.378718
46.08 -0.378729
46.12 -0.378739
46.16 -0.37875
46.2 -0.378761
46.24 -0.378772
46.28 -0.378782
46.32 -0.378793
46.36 -0.378804
46.4 -0.378815
46.44 -0.378825
46.48 -0.378836
46.52 -0.378846
46.56 -0.378857
46.6 -0.378867
46.64 -0.378878
46.68 -0.378888
46.72 -0.378899
46.76 -0.378909
46.8 -0.378919
46.84 -0.37893
46.88 -0.37894
46.92 -0.37895
46.96 -0.378961
47 -0.378971
47.04 -0.378981
47.08 -0.378991
47.12 -0.379002
47.16 -0.379012
47.2 -0.379022
47.24 -0.379032
47.28 -0.379042
47.32 -0.379052
47.36 -0.379062
47.4 -0.379072
47.44 -0.379082
47.48 -0.379092
47.52 -0.379102
47.56 -0.379112
47.6 -0.379122
47.64 -0.379132
47.68 -0.379142
47.72 -0.379151
47.76 -0.379161
47.8 -0.379171
47.84 -0.379181
47.88 -0.37919
47.92 -0.3792
47.96 -0.37921
48 -0.379219
48.04 -0.379229
48.08 -0.379239
48.12 -0.379248
48.16 -0.379258
48.2 -0.379267
48.24 -0.379277
48.28 -0.379286
48.32 -0.379296
48.36 -0.379305
48.4 -0.379315
48.44 -0.379324
48.48 -0.379334
48.52 -0.379343
48.56 -0.379352
48.6 -0.379362
48.64 -0.379371
48.68 -0.37938
48.72 -0.379389
48.76 -0.379399
48.8 -0.379408
48.84 -0.379417
48.88 -0.379426
48.92 -0.379435
48.96 -0.379444
49 -0.379453
49.04 -0.379463
49.08 -0.379472
49.12 -0.379481
49.16 -0.37949
49.2 -0.379499
49.24 -0.379508
49.28 -0.379517
49.32 -0.379525
49.36 -0.379534
49.4 -0.379543
49.44 -0.379552
49.48 -0.379561
49.52 -0.37957
49.56 -0.379579
49.6 -0.379587
49.64 -0.379596
49.68 -0.379605
49.72 -0.379614
49.76 -0.379622
49.8 -0.379631
49.84 -0.37964
49.88 -0.379648
49.92 -0.379657
49.96 -0.379666
50 -0.379674
50.04 -0.379683
50.08 -0.379691
50.12 -0.3797
50.16 -0.379708
50.2 -0.379717
50.24 -0.379725
50.28 -0.379734
50.32 -0.379742
50.36 -0.379751
50.4 -0.379759
50.44 -0.379767
50.48 -0.379776
50.52 -0.379784
50.56 -0.379792
50.6 -0.379801
50.64 -0.379809
50.68 -0.379817
50.72 -0.379825
50.76 -0.379834
50.8 -0.379842
50.84 -0.37985
50.88 -0.379858
50.92 -0.379866
50.96 -0.379874
51 -0.379882
51.04 -0.379891
51.08 -0.379899
51.12 -0.379907
51.16 -0.379915
51.2 -0.379923
51.24 -0.379931
51.28 -0.379939
51.32 -0.379947
51.36 -0.379955
51.4 -0.379963
51.44 -0.379971
51.48 -0.379978
51.52 -0.379986
51.56 -0.379994
51.6 -0.380002
51.64 -0.38001
51.68 -0.380018
51.72 -0.380025
51.76 -0.380033
51.8 -0.380041
51.84 -0.380049
51.88 -0.380056
51.92 -0.380064
51.96 -0.380072
52 -0.38008
52.04 -0.380087
52.08 -0.380095
52.12 -0.380102
52.16 -0.38011
52.2 -0.380118
52.24 -0.380125
52.28 -0.380133
52.32 -0.38014
52.36 -0.380148
52.4 -0.380155
52.44 -0.380163
52.48 -0.38017
52.52 -0.380178
52.56 -0.380185
52.6 -0.380193
52.64 -0.3802
52.68 -0.380207
52.72 -0.380215
52.76 -0.380222
52.8 -0.380229
52.84 -0.380237
52.88 -0.380244
52.92 -0.380251
52.96 -0.380259
53 -0.380266
53.04 -0.380273
53.08 -0.38028
53.12 -0.380288
53.16 -0.380295
53.2 -0.380302
53.24 -0.380309
53.28 -0.380316
53.32 -0.380324
53.36 -0.380331
53.4 -0.380338
53.44 -0.380345
53.48 -0.380352
53.52 -0.380359
53.56 -0.380366
53.6 -0.380373
53.64 -0.38038
53.68 -0.380387
53.72 -0.380394
53.76 -0.380401
53.8 -0.380408
53.84 -0.380415
53.88 -0.380422
53.92 -0.380429
53.96 -0.380436
54 -0.380443
54.04 -0.38045
54.08 -0.380456
54.12 -0.380463
54.16 -0.38047
54.2 -0.380477
54.24 -0.380484
54.28 -0.380491
54.32 -0.380497
54.36 -0.380504
54.4 -0.380511
54.44 -0.380518
54.48 -0.380524
54.52 -0.380531
54.56 -0.380538
54.6 -0.380544
54.64 -0.380551
54.68 -0.380558
54.72 -0.380564
54.76 -0.380571
54.8 -0.380578
54.84 -0.380584
54.88 -0.380591
54.92 -0.380597
54.96 -0.380604
55 -0.38061
55.04 -0.380617
55.08 -0.380623
55.12 -0.38063
55.16 -0.380636
55.2 -0.380643
55.24 -0.380649
55.28 -0.380656
55.32 -0.380662
55.36 -0.380669
55.4 -0.380675
55.44 -0.380681
55.48 -0.380688
55.52 -0.380694
55.56 -0.380701
55.6 -0.380707
55.64 -0.380713
55.68 -0.38072
55.72 -0.380726
55.76 -0.380732
55.8 -0.380738
55.84 -0.380745
55.88 -0.380751
55.92 -0.380757
55.96 -0.380763
56 -0.38077
56.04 -0.380776
56.08 -0.380782
56.12 -0.380788
56.16 -0.380794
56.2 -0.380801
56.24 -0.380807
56.28 -0.380813
56.32 -0.380819
56.36 -0.380825
56.4 -0.380831
56.44 -0.380837
56.48 -0.380843
56.52 -0.380849
56.56 -0.380855
56.6 -0.380861
56.64 -0.380867
56.68 -0.380873
56.72 -0.380879
56.76 -0.380885
56.8 -0.380891
56.84 -0.380897
56.88 -0.380903
56.92 -0.380909
56.96 -0.380915
57 -0.380921
57.04 -0.380927
57.08 -0.380933
57.12 -0.380939
57.16 -0.380945
57.2 -0.38095
57.24 -0.380956
57.28 -0.380962
57.32 -0.380968
57.36 -0.380974
57.4 -0.38098
57.44 -0.380985
57.48 -0.380991
57.52 -0.380997
57.56 -0.381003
57.6 -0.381008
57.64 -0.381014
57.68 -0.38102
57.72 -0.381026
57.76 -0.381031
57.8 -0.381037
57.84 -0.381043
57.88 -0.381048
57.92 -0.381054
57.96 -0.38106
58 -0.381065
58.04 -0.381071
58.08 -0.381076
58.12 -0.381082
58.16 -0.381088
58.2 -0.381093
58.24 -0.381099
58.28 -0.381104
58.32 -0.38111
58.36 -0.381115
58.4 -0.381121
58.44 -0.381126
58.48 -0.381132
58.52 -0.381137
58.56 -0.381143
58.6 -0.381148
58.64 -0.381154
58.68 -0.381159
58.72 -0.381165
58.76 -0.38117
58.8 -0.381176
58.84 -0.381181
58.88 -0.381186
58.92 -0.381192
58.96 -0.381197
59 -0.381203
59.04 -0.381208
59.08 -0.381213
59.12 -0.381219
59.16 -0.381224
59.2 -0.381229
59.24 -0.381235
59.28 -0.38124
59.32 -0.381245
59.36 -0.38125
59.4 -0.381256
59.44 -0.381261
59.48 -0.381266
59.52 -0.381271
59.56 -0.381277
59.6 -0.381282
59.64 -0.381287
59.68 -0.381292
59.72 -0.381297
59.76 -0.381303
59.8 -0.381308
59.84 -0.381313
59.88 -0.381318
59.92 -0.381323
59.96 -0.381328
60 -0.381334
__settings__ -1 10 2 0 1 1
R(2,2) [ohm]
0.04 2.17517
0.08 3.0929
0.12 4.32983
0.16 5.63656
0.2 6.85362
0.24 7.91203
0.28 8.80033
0.32 9.53422
0.36 10.1382
0.4 10.6371
0.44 11.0522
0.48 11.4014
0.52 11.6985
0.56 11.9546
0.6 12.1782
0.64 12.3761
0.68 12.5534
0.72 12.7143
0.76 12.8621
0.8 12.9992
0.84 13.1279
0.88 13.2498
0.92 13.3663
0.96 13.4784
1 13.587
1.04 13.6929
1.08 13.7967
1.12 13.899
1.16 14
1.2 14.1003
1.24 14.2
1.28 14.2994
1.32 14.3987
1.36 14.4981
1.4 14.5976
1.44 14.6975
1.48 14.7978
1.52 14.8986
1.56 14.9999
1.6 15.1018
1.64 15.2043
1.68 15.3074
1.72 15.4112
1.76 15.5157
1.8 15.6208
1.84 15.7265
1.88 15.8329
1.92 15.94
1.96 16.0477
2 16.1559
2.04 16.2648
2.08 16.3742
2.12 16.4842
2.16 16.5947
2.2 16.7056
2.24 16.817
2.28 16.9289
2.32 17.0411
2.36 17.1537
2.4 17.2666
2.44 17.3798
2.48 17.4933
2.52 17.607
2.56 17.7209
2.6 17.835
2.64 17.9492
2.68 18.0636
2.72 18.178
2.76 18.2925
2.8 18.407
2.84 18.5214
2.88 18.6359
2.92 18.7503
2.96 18.8645
3 18.9787
3.04 19.0927
3.08 19.2065
3.12 19.3202
3.16 19.4336
3.2 19.5468
3.24 19.6597
3.28 19.7723
3.32 19.8845
3.36 19.9965
3.4 20.1081
3.44 20.2193
3.48 20.3301
3.52 20.4405
3.56 20.5505
3.6 20.66
3.64 20.7691
3.68 20.8777
3.72 20.9857
3.76 21.0933
3.8 21.2004
3.84 21.3069
3.88 21.4128
3.92 21.5183
3.96 21.6231
4 21.7273
4.04 21.831
4.08 21.934
4.12 22.0365
4.16 22.1383
4.2 22.2395
4.24 22.34
4.28 22.44
4.32 22.5392
4.36 22.6378
4.4 22.7358
4.44 22.833
4.48 22.9297
4.52 23.0256
4.56 23.1208
4.6 23.2154
4.64 23.3093
4.68 23.4025
4.72 23.495
4.76 23.5868
4.8 23.6779
4.84 23.7684
4.88 23.8581
4.92 23.9471
4.96 24.0355
5 24.1231
5.04 24.21
5.08 24.2963
5.12 24.3818
5.16 24.4666
5.2 24.5508
5.24 24.6342
5.28 24.717
5.32 24.799
5.36 24.8804
5.4 24.9611
5.44 25.0411
5.48 25.1204
5.52 25.199
5.56 25.277
5.6 25.3543
5.64 25.4309
5.68 25.5068
5.72 25.5821
5.76 25.6567
5.8 25.7307
5.84 25.8039
5.88 25.8766
5.92 25.9486
5.96 26.0199
6 26.0906
6.04 26.1607
6.08 26.2301
6.12 26.2989
6.16 26.3671
6.2 26.4347
6.24 26.5016
6.28 26.568
6.32 26.6337
6.36 26.6988
6.4 26.7633
6.44 26.8272
6.48 26.8906
6.52 26.9533
6.56 27.0155
6.6 27.0771
6.64 27.1381
6.68 27.1986
6.72 27.2585
6.76 27.3178
6.8 27.3766
6.84 27.4348
6.88 27.4925
6.92 27.5497
6.96 27.6063
7 27.6624
7.04 27.718
7.08 27.773
7.12 27.8275
7.16 27.8816
7.2 27.9351
7.24 27.9881
7.28 28.0406
7.32 28.0926
7.36 28.1442
7.4 28.1952
7.44 28.2458
7.48 28.2959
7.52 28.3455
7.56 28.3947
7.6 28.4434
7.64 28.4917
7.68 28.5394
7.72 28.5868
7.76 28.6337
7.8 28.6802
7.84 28.7262
7.88 28.7718
7.92 28.817
7.96 28.8618
8 28.9061
8.04 28.95
8.08 28.9935
8.12 29.0367
8.16 29.0794
8.2 29.1217
8.24 29.1636
8.28 29.2051
8.32 29.2463
8.36 29.2871
8.4 29.3275
8.44 29.3675
8.48 29.4071
8.52 29.4464
8.56 29.4853
8.6 29.5239
8.64 29.5621
8.68 29.6
8.72 29.6375
8.76 29.6746
8.8 29.7115
8.84 29.748
8.88 29.7841
8.92 29.82
8.96 29.8555
9 29.8906
9.04 29.9255
9.08 29.96
9.12 29.9943
9.16 30.0282
9.2 30.0618
9.24 30.0951
9.28 30.1281
9.32 30.1608
9.36 30.1933
9.4 30.2254
9.44 30.2572
9.48 30.2888
9.52 30.3201
9.56 30.3511
9.6 30.3818
9.64 30.4123
9.68 30.4424
9.72 30.4723
9.76 30.502
9.8 30.5314
9.84 30.5605
9.88 30.5894
9.92 30.618
9.96 30.6464
10 30.6745
10.04 30.7023
10.08 30.73
10.12 30.7574
10.16 30.7845
10.2 30.8114
10.24 30.8381
10.28 30.8645
10.32 30.8908
10.36 30.9168
10.4 30.9425
10.44 30.9681
10.48 30.9934
10.52 31.0185
10.56 31.0434
10.6 31.0681
10.64 31.0926
10.68 31.1168
10.72 31.1409
10.76 31.1648
10.8 31.1884
10.84 31.2119
10.88 31.2351
10.92 31.2582
10.96 31.281
11 31.3037
11.04 31.3262
11.08 31.3485
11.12 31.3706
11.16 31.3925
11.2 31.4143
11.24 31.4359
11.28 31.4572
11.32 31.4785
11.36 31.4995
11.4 31.5204
11.44 31.541
11.48 31.5616
11.52 31.5819
11.56 31.6021
11.6 31.6221
11.64 31.642
11.68 31.6617
11.72 31.6812
11.76 31.7006
11.8 31.7198
11.84 31.7389
11.88 31.7578
11.92 31.7766
11.96 31.7952
12 31.8137
12.04 31.832
12.08 31.8501
12.12 31.8682
12.16 31.8861
12.2 31.9038
12.24 31.9214
12.28 31.9389
12.32 31.9562
12.36 31.9734
12.4 31.9904
12.44 32.0074
12.48 32.0241
12.52 32.0408
12.56 32.0573
12.6 32.0737
12.64 32.09
12.68 32.1061
12.72 32.1222
12.76 32.1381
12.8 32.1538
12.84 32.1695
12.88 32.185
12.92 32.2004
12.96 32.2157
13 32.2309
13.04 32.246
13.08 32.2609
13.12 32.2758
13.16 32.2905
13.2 32.3051
13.24 32.3196
13.28 32.334
13.32 32.3483
13.36 32.3625
13.4 32.3766
13.44 32.3905
13.48 32.4044
13.52 32.4182
13.56 32.4318
13.6 32.4454
13.64 32.4589
13.68 32.4722
13.72 32.4855
13.76 32.4986
13.8 32.5117
13.84 32.5247
13.88 32.5376
13.92 32.5504
13.96 32.563
14 32.5756
14.04 32.5882
14.08 32.6006
14.12 32.6129
14.16 32.6251
14.2 32.6373
14.24 32.6494
14.28 32.6613
14.32 32.6732
14.36 32.685
14.4 32.6968
14.44 32.7084
14.48 32.72
14.52 32.7314
14.56 32.7428
14.6 32.7542
14.64 32.7654
14.68 32.7765
14.72 32.7876
14.76 32.7986
14.8 32.8096
14.84 32.8204
14.88 32.8312
14.92 32.8419
14.96 32.8525
15 32.863
15.04 32.8735
15.08 32.8839
15.12 32.8943
15.16 32.9045
15.2 32.9147
15.24 32.9248
15.28 32.9349
15.32 32.9449
15.36 32.9548
15.4 32.9647
15.44 32.9744
15.48 32.9842
15.52 32.9938
15.56 33.0034
15.6 33.0129
15.64 33.0224
15.68 33.0318
15.72 33.0411
15.76 33.0504
15.8 33.0596
15.84 33.0687
15.88 33.0778
15.92 33.0869
15.96 33.0958
16 33.1047
16.04 33.1136
16.08 33.1224
16.12 33.1311
16.16 33.1398
16.2 33.1484
16.24 33.157
16.28 33.1655
16.32 33.1739
16.36 33.1823
16.4 33.1907
16.44 33.199
16.48 33.2072
16.52 33.2154
16.56 33.2235
16.6 33.2316
16.64 33.2396
16.68 33.2476
16.72 33.2555
16.76 33.2634
16.8 33.2712
16.84 33.279
16.88 33.2867
16.92 33.2944
16.96 33.302
17 33.3096
17.04 33.3172
17.08 33.3246
17.12 33.3321
17.16 33.3395
17.2 33.3468
17.24 33.3541
17.28 33.3614
17.32 33.3686
17.36 33.3758
17.4 33.3829
17.44 33.39
17.48 33.397
17.52 33.404
17.56 33.4109
17.6 33.4178
17.64 33.4247
17.68 33.4315
17.72 33.4383
17.76 33.4451
17.8 33.4518
17.84 33.4584
17.88 33.465
17.92 33.4716
17.96 33.4781
18 33.4846
18.04 33.4911
18.08 33.4975
18.12 33.5039
18.16 33.5103
18.2 33.5166
18.24 33.5228
18.28 33.5291
18.32 33.5353
18.36 33.5414
18.4 33.5475
18.44 33.5536
18.48 33.5597
18.52 33.5657
18.56 33.5717
18.6 33.5776
18.64 33.5835
18.68 33.5894
18.72 33.5952
18.76 33.6011
18.8 33.6068
18.84 33.6126
18.88 33.6183
18.92 33.6239
18.96 33.6296
19 33.6352
19.04 33.6408
19.08 33.6463
19.12 33.6518
19.16 33.6573
19.2 33.6628
19.24 33.6682
19.28 33.6736
19.32 33.6789
19.36 33.6843
19.4 33.6896
19.44 33.6948
19.48 33.7001
19.52 33.7053
19.56 33.7104
19.6 33.7156
19.64 33.7207
19.68 33.7258
19.72 33.7309
19.76 33.7359
19.8 33.7409
19.84 33.7459
19.88 33.7509
19.92 33.7558
19.96 33.7607
20 33.7655
20.04 33.7704
20.08 33.7752
20.12 33.78
20.16 33.7848
20.2 33.7895
20.24 33.7942
20.28 33.7989
20.32 33.8036
20.36 33.8082
20.4 33.8128
20.44 33.8174
20.48 33.822
20.52 33.8265
20.56 33.831
20.6 33.8355
20.64 33.84
20.68 33.8444
20.72 33.8488
20.76 33.8532
20.8 33.8576
20.84 33.8619
20.88 33.8663
20.92 33.8706
20.96 33.8748
21 33.8791
21.04 33.8833
21.08 33.8875
21.12 33.8917
21.16 33.8959
21.2 33.9
21.24 33.9042
21.28 33.9083
21.32 33.9123
21.36 33.9164
21.4 33.9204
21.44 33.9245
21.48 33.9285
21.52 33.9324
21.56 33.9364
21.6 33.9403
21.64 33.9442
21.68 33.9481
21.72 33.952
21.76 33.9559
21.8 33.9597
21.84 33.9635
21.88 33.9673
21.92 33.9711
21.96 33.9748
22 33.9786
22.04 33.9823
22.08 33.986
22.12 33.9897
22.16 33.9933
22.2 33.997
22.24 34.0006
22.28 34.0042
22.32 34.0078
22.36 34.0114
22.4 34.0149
22.44 34.0185
22.48 34.022
22.52 34.0255
22.56 34.029
22.6 34.0324
22.64 34.0359
22.68 34.0393
22.72 34.0427
22.76 34.0461
22.8 34.0495
22.84 34.0529
22.88 34.0562
22.92 34.0595
22.96 34.0629
23 34.0662
23.04 34.0694
23.08 34.0727
23.12 34.076
23.16 34.0792
23.2 34.0824
23.24 34.0856
23.28 34.0888
23.32 34.092
23.36 34.0951
23.4 34.0983
23.44 34.1014
23.48 34.1045
23.52 34.1076
23.56 34.1107
23.6 34.1138
23.64 34.1168
23.68 34.1199
23.72 34.1229
23.76 34.1259
23.8 34.1289
23.84 34.1319
23.88 34.1349
23.92 34.1378
23.96 34.1408
24 34.1437
24.04 34.1466
24.08 34.1495
24.12 34.1524
24.16 34.1552
24.2 34.1581
24.24 34.161
24.28 34.1638
24.32 34.1666
24.36 34.1694
24.4 34.1722
24.44 34.175
24.48 34.1777
24.52 34.1805
24.56 34.1832
24.6 34.186
24.64 34.1887
24.68 34.1914
24.72 34.1941
24.76 34.1968
24.8 34.1994
24.84 34.2021
24.88 34.2047
24.92 34.2074
24.96 34.21
25 34.2126
25.04 34.2152
25.08 34.2178
25.12 34.2203
25.16 34.2229
25.2 34.2254
25.24 34.228
25.28 34.2305
25.32 34.233
25.36 34.2355
25.4 34.238
25.44 34.2405
25.48 34.243
25.52 34.2454
25.56 34.2479
25.6 34.2503
25.64 34.2527
25.68 34.2552
25.72 34.2576
25.76 34.26
25.8 34.2623
25.84 34.2647
25.88 34.2671
25.92 34.2694
25.96 34.2718
26 34.2741
26.04 34.2764
26.08 34.2787
26.12 34.281
26.16 34.2833
26.2 34.2856
26.24 34.2879
26.28 34.2902
26.32 34.2924
26.36 34.2947
26.4 34.2969
26.44 34.2991
26.48 34.3013
26.52 34.3035
26.56 34.3057
26.6 34.3079
26.64 34.3101
26.68 34.3123
26.72 34.3144
26.76 34.3166
26.8 34.3187
26.84 34.3208
26.88 34.323
26.92 34.3251
26.96 34.3272
27 34.3293
27.04 34.3313
27.08 34.3334
27.12 34.3355
27.16 34.3376
27.2 34.3396
27.24 34.3416
27.28 34.3437
27.32 34.3457
27.36 34.3477
27.4 34.3497
27.44 34.3517
27.48 34.3537
27.52 34.3557
27.56 34.3577
27.6 34.3597
27.64 34.3616
27.68 34.3636
27.72 34.3655
27.76 34.3674
27.8 34.3694
27.84 34.3713
27.88 34.3732
27.92 34.3751
27.96 34.377
28 34.3789
28.04 34.3808
28.08 34.3826
28.12 34.3845
28.16 34.3864
28.2 34.3882
28.24 34.3901
28.28 34.3919
28.32 34.3937
28.36 34.3955
28.4 34.3973
28.44 34.3992
28.48 34.401
28.52 34.4027
28.56 34.4045
28.6 34.4063
28.64 34.4081
28.68 34.4098
28.72 34.4116
28.76 34.4133
28.8 34.4151
28.84 34.4168
28.88 34.4185
28.92 34.4203
28.96 34.422
29 34.4237
29.04 34.4254
29.08 34.4271
29.12 34.4288
29.16 34.4305
29.2 34.4321
29.24 34.4338
29.28 34.4355
29.32 34.4371
29.36 34.4388
29.4 34.4404
29.44 34.442
29.48 34.4437
29.52 34.4453
29.56 34.4469
29.6 34.4485
29.64 34.4501
29.68 34.4517
29.72 34.4533
29.76 34.4549
29.8 34.4565
29.84 34.4581
29.88 34.4596
29.92 34.4612
29.96 34.4627
30 34.4643
30.04 34.4658
30.08 34.4674
30.12 34.4689
30.16 34.4704
30.2 34.4719
30.24 34.4735
30.28 34.475
30.32 34.4765
30.36 34.478
30.4 34.4795
30.44 34.4809
30.48 34.4824
30.52 34.4839
30.56 34.4854
30.6 34.4868
30.64 34.4883
30.68 34.4897
30.72 34.4912
30.76 34.4926
30.8 34.4941
30.84 34.4955
30.88 34.4969
30.92 34.4984
30.96 34.4998
31 34.5012
31.04 34.5026
31.08 34.504
31.12 34.5054
31.16 34.5068
31.2 34.5082
31.24 34.5095
31.28 34.5109
31.32 34.5123
31.36 34.5136
31.4 34.515
31.44 34.5164
31.48 34.5177
31.52 34.519
31.56 34.5204
31.6 34.5217
31.64 34.5231
31.68 34.5244
31.72 34.5257
31.76 34.527
31.8 34.5283
31.84 34.5296
31.88 34.5309
31.92 34.5322
31.96 34.5335
32 34.5348
32.04 34.5361
32.08 34.5374
32.12 34.5386
32.16 34.5399
32.2 34.5412
32.24 34.5424
32.28 34.5437
32.32 34.5449
32.36 34.5462
32.4 34.5474
32.44 34.5487
32.48 34.5499
32.52 34.5511
32.56 34.5524
32.6 34.5536
32.64 34.5548
32.68 34.556
32.72 34.5572
32.76 34.5584
32.8 34.5596
32.84 34.5608
32.88 34.562
32.92 34.5632
32.96 34.5644
33 34.5655
33.04 34.5667
33.08 34.5679
33.12 34.5691
33.16 34.5702
33.2 34.5714
33.24 34.5725
33.28 34.5737
33.32 34.5748
33.36 34.576
33.4 34.5771
33.44 34.5782
33.48 34.5794
33.52 34.5805
33.56 34.5816
33.6 34.5827
33.64 34.5839
33.68 34.585
33.72 34.5861
33.76 34.5872
33.8 34.5883
33.84 34.5894
33.88 34.5905
33.92 34.5916
33.96 34.5926
34 34.5937
34.04 34.5948
34.08 34.5959
34.12 34.5969
34.16 34.598
34.2 34.5991
34.24 34.6001
34.28 34.6012
34.32 34.6022
34.36 34.6033
34.4 34.6043
34.44 34.6054
34.48 34.6064
34.52 34.6075
34.56 34.6085
34.6 34.6095
34.64 34.6105
34.68 34.6116
34.72 34.6126
34.76 34.6136
34.8 34.6146
34.84 34.6156
34.88 34.6166
34.92 34.6176
34.96 34.6186
35 34.6196
35.04 34.6206
35.08 34.6216
35.12 34.6226
35.16 34.6236
35.2 34.6245
35.24 34.6255
35.28 34.6265
35.32 34.6275
35.36 34.6284
35.4 34.6294
35.44 34.6303
35.48 34.6313
35.52 34.6323
35.56 34.6332
35.6 34.6342
35.64 34.6351
35.68 34.636
35.72 34.637
35.76 34.6379
35.8 34.6389
35.84 34.6398
35.88 34.6407
35.92 34.6416
35.96 34.6425
36 34.6435
36.04 34.6444
36.08 34.6453
36.12 34.6462
36.16 34.6471
36.2 34.648
36.24 34.6489
36.28 34.6498
36.32 34.6507
36.36 34.6516
36.4 34.6525
36.44 34.6534
36.48 34.6543
36.52 34.6551
36.56 34.656
36.6 34.6569
36.64 34.6578
36.68 34.6586
36.72 34.6595
36.76 34.6604
36.8 34.6612
36.84 34.6621
36.88 34.6629
36.92 34.6638
36.96 34.6646
37 34.6655
37.04 34.6663
37.08 34.6672
37.12 34.668
37.16 34.6689
37.2 34.6697
37.24 34.6705
37.28 34.6713
37.32 34.6722
37.36 34.673
37.4 34.6738
37.44 34.6746
37.48 34.6755
37.52 34.6763
37.56 34.6771
37.6 34.6779
37.64 34.6787
37.68 34.6795
37.72 34.6803
37.76 34.6811
37.8 34.6819
37.84 34.6827
37.88 34.6835
37.92 34.6843
37.96 34.6851
38 34.6859
38.04 34.6866
38.08 34.6874
38.12 34.6882
38.16 34.689
38.2 34.6898
38.24 34.6905
38.28 34.6913
38.32 34.6921
38.36 34.6928
38.4 34.6936
38.44 34.6943
38.48 34.6951
38.52 34.6959
38.56 34.6966
38.6 34.6974
38.64 34.6981
38.68 34.6989
38.72 34.6996
38.76 34.7003
38.8 34.7011
38.84 34.7018
38.88 34.7026
38.92 34.7033
38.96 34.704
39 34.7048
39.04 34.7055
39.08 34.7062
39.12 34.7069
39.16 34.7076
39.2 34.7084
39.24 34.7091
39.28 34.7098
39.32 34.7105
39.36 34.7112
39.4 34.7119
39.44 34.7126
39.48 34.7133
39.52 34.714
39.56 34.7147
39.6 34.7154
39.64 34.7161
39.68 34.7168
39.72 34.7175
39.76 34.7182
39.8 34.7189
39.84 34.7196
39.88 34.7203
39.92 34.7209
39.96 34.7216
40 34.7223
40.04 34.723
40.08 34.7237
40.12 34.7243
40.16 34.725
40.2 34.7257
40.24 34.7263
40.28 34.727
40.32 34.7277
40.36 34.7283
40.4 34.729
40.44 34.7296
40.48 34.7303
40.52 34.7309
40.56 34.7316
40.6 34.7322
40.64 34.7329
40.68 34.7335
40.72 34.7342
40.76 34.7348
40.8 34.7355
40.84 34.7361
40.88 34.7367
40.92 34.7374
40.96 34.738
41 34.7386
41.04 34.7393
41.08 34.7399
41.12 34.7405
41.16 34.7412
41.2 34.7418
41.24 34.7424
41.28 34.743
41.32 34.7436
41.36 34.7443
41.4 34.7449
41.44 34.7455
41.48 34.7461
41.52 34.7467
41.56 34.7473
41.6 34.7479
41.64 34.7485
41.68 34.7491
41.72 34.7497
41.76 34.7503
41.8 34.7509
41.84 34.7515
41.88 34.7521
41.92 34.7527
41.96 34.7533
42 34.7539
42.04 34.7545
42.08 34.7551
42.12 34.7556
42.16 34.7562
42.2 34.7568
42.24 34.7574
42.28 34.758
42.32 34.7585
42.36 34.7591
42.4 34.7597
42.44 34.7603
42.48 34.7608
42.52 34.7614
42.56 34.762
42.6 34.7625
42.64 34.7631
42.68 34.7637
42.72 34.7642
42.76 34.7648
42.8 34.7654
42.84 34.7659
42.88 34.7665
42.92 34.767
42.96 34.7676
43 34.7681
43.04 34.7687
43.08 34.7692
43.12 34.7698
43.16 34.7703
43.2 34.7709
43.24 34.7714
43.28 34.7719
43.32 34.7725
43.36 34.773
43.4 34.7736
43.44 34.7741
43.48 34.7746
43.52 34.7752
43.56 34.7757
43.6 34.7762
43.64 34.7768
43.68 34.7773
43.72 34.7778
43.76 34.7783
43.8 34.7789
43.84 34.7794
43.88 34.7799
43.92 34.7804
43.96 34.7809
44 34.7814
44.04 34.782
44.08 34.7825
44.12 34.783
44.16 34.7835
44.2 34.784
44.24 34.7845
44.28 34.785
44.32 34.7855
44.36 34.786
44.4 34.7865
44.44 34.787
44.48 34.7875
44.52 34.788
44.56 34.7885
44.6 34.789
44.64 34.7895
44.68 34.79
44.72 34.7905
44.76 34.791
44.8 34.7915
44.84 34.792
44.88 34.7925
44.92 34.793
44.96 34.7935
45 34.7939
45.04 34.7944
45.08 34.7949
45.12 34.7954
45.16 34.7959
45.2 34.7963
45.24 34.7968
45.28 34.7973
45.32 34.7978
45.36 34.7983
45.4 34.7987
45.44 34.7992
45.48 34.7997
45.52 34.8001
45.56 34.8006
45.6 34.8011
45.64 34.8015
45.68 34.802
45.72 34.8025
45.76 34.8029
45.8 34.8034
45.84 34.8038
45.88 34.8043
45.92 34.8048
45.96 34.8052
46 34.8057
46.04 34.8061
46.08 34.8066
46.12 34.807
46.16 34.8075
46.2 34.8079
46.24 34.8084
46.28 34.8088
46.32 34.8093
46.36 34.8097
46.4 34.8102
46.44 34.8106
46.48 34.8111
46.52 34.8115
46.56 34.8119
46.6 34.8124
46.64 34.8128
46.68 34.8133
46.72 34.8137
46.76 34.8141
46.8 34.8146
46.84 34.815
46.88 34.8154
46.92 34.8159
46.96 34.8163
47 34.8167
47.04 34.8171
47.08 34.8176
47.12 34.818
47.16 34.8184
47.2 34.8188
47.24 34.8193
47.28 34.8197
47.32 34.8201
47.36 34.8205
47.4 34.8209
47.44 34.8214
47.48 34.8218
47.52 34.8222
47.56 34.8226
47.6 34.823
47.64 34.8234
47.68 34.8238
47.72 34.8243
47.76 34.8247
47.8 34.8251
47.84 34.8255
47.88 34.8259
47.92 34.8263
47.96 34.8267
48 34.8271
48.04 34.8275
48.08 34.8279
48.12 34.8283
48.16 34.8287
48.2 34.8291
48.24 34.8295
48.28 34.8299
48.32 34.8303
48.36 34.8307
48.4 34.8311
48.44 34.8315
48.48 34.8319
48.52 34.8323
48.56 34.8327
48.6 34.833
48.64 34.8334
48.68 34.8338
48.72 34.8342
48.76 34.8346
48.8 34.835
48.84 34.8354
48.88 34.8358
48.92 34.8361
48.96 34.8365
49 34.8369
49.04 34.8373
49.08 34.8377
49.12 34.838
49.16 34.8384
49.2 34.8388
49.24 34.8392
49.28 34.8395
49.32 34.8399
49.36 34.8403
49.4 34.8407
49.44 34.841
49.48 34.8414
49.52 34.8418
49.56 34.8422
49.6 34.8425
49.64 34.8429
49.68 34.8433
49.72 34.8436
49.76 34.844
49.8 34.8444
49.84 34.8447
49.88 34.8451
49.92 34.8454
49.96 34.8458
50 34.8462
50.04 34.8465
50.08 34.8469
50.12 34.8472
50.16 34.8476
50.2 34.848
50.24 34.8483
50.28 34.8487
50.32 34.849
50.36 34.8494
50.4 34.8497
50.44 34.8501
50.48 34.8504
50.52 34.8508
50.56 34.8511
50.6 34.8515
50.64 34.8518
50.68 34.8522
50.72 34.8525
50.76 34.8529
50.8 34.8532
50.84 34.8535
50.88 34.8539
50.92 34.8542
50.96 34.8546
51 34.8549
51.04 34.8553
51.08 34.8556
51.12 34.8559
51.16 34.8563
51.2 34.8566
51.24 34.857
51.28 34.8573
51.32 34.8576
51.36 34.858
51.4 34.8583
51.44 34.8586
51.48 34.859
51.52 34.8593
51.56 34.8596
51.6 34.8599
51.64 34.8603
51.68 34.8606
51.72 34.8609
51.76 34.8613
51.8 34.8616
51.84 34.8619
51.88 34.8622
51.92 34.8626
51.96 34.8629
52 34.8632
52.04 34.8635
52.08 34.8639
52.12 34.8642
52.16 34.8645
52.2 34.8648
52.24 34.8651
52.28 34.8655
52.32 34.8658
52.36 34.8661
52.4 34.8664
52.44 34.8667
52.48 34.867
52.52 34.8674
52.56 34.8677
52.6 34.868
52.64 34.8683
52.68 34.8686
52.72 34.8689
52.76 34.8692
52.8 34.8695
52.84 34.8698
52.88 34.8702
52.92 34.8705
52.96 34.8708
53 34.8711
53.04 34.8714
53.08 34.8717
53.12 34.872
53.16 34.8723
53.2 34.8726
53.24 34.8729
53.28 34.8732
53.32 34.8735
53.36 34.8738
53.4 34.8741
53.44 34.8744
53.48 34.8747
53.52 34.875
53.56 34.8753
53.6 34.8756
53.64 34.8759
53.68 34.8762
53.72 34.8765
53.76 34.8768
53.8 34.8771
53.84 34.8774
53.88 34.8777
53.92 34.878
53.96 34.8783
54 34.8786
54.04 34.8788
54.08 34.8791
54.12 34.8794
54.16 34.8797
54.2 34.88
54.24 34.8803
54.28 34.8806
54.32 34.8809
54.36 34.8811
54.4 34.8814
54.44 34.8817
54.48 34.882
54.52 34.8823
54.56 34.8826
54.6 34.8829
54.64 34.8831
54.68 34.8834
54.72 34.8837
54.76 34.884
54.8 34.8843
54.84 34.8845
54.88 34.8848
54.92 34.8851
54.96 34.8854
55 34.8857
55.04 34.8859
55.08 34.8862
55.12 34.8865
55.16 34.8868
55.2 34.887
55.24 34.8873
55.28 34.8876
55.32 34.8879
55.36 34.8881
55.4 34.8884
55.44 34.8887
55.48 34.8889
55.52 34.8892
55.56 34.8895
55.6 34.8897
55.64 34.89
55.68 34.8903
55.72 34.8906
55.76 34.8908
55.8 34.8911
55.84 34.8914
55.88 34.8916
55.92 34.8919
55.96 34.8921
56 34.8924
56.04 34.8927
56.08 34.8929
56.12 34.8932
56.16 34.8935
56.2 34.8937
56.24 34.894
56.28 34.8942
56.32 34.8945
56.36 34.8948
56.4 34.895
56.44 34.8953
56.48 34.8955
56.52 34.8958
56.56 34.8961
56.6 34.8963
56.64 34.8966
56.68 34.8968
56.72 34.8971
56.76 34.8973
56.8 34.8976
56.84 34.8978
56.88 34.8981
56.92 34.8984
56.96 34.8986
57 34.8989
57.04 34.8991
57.08 34.8994
57.12 34.8996
57.16 34.8999
57.2 34.9001
57.24 34.9004
57.28 34.9006
57.32 34.9009
57.36 34.9011
57.4 34.9013
57.44 34.9016
57.48 34.9018
57.52 34.9021
57.56 34.9023
57.6 34.9026
57.64 34.9028
57.68 34.9031
57.72 34.9033
57.76 34.9036
57.8 34.9038
57.84 34.904
57.88 34.9043
57.92 34.9045
57.96 34.9048
58 34.905
58.04 34.9052
58.08 34.9055
58.12 34.9057
58.16 34.906
58.2 34.9062
58.24 34.9064
58.28 34.9067
58.32 34.9069
58.36 34.9071
58.4 34.9074
58.44 34.9076
58.48 34.9079
58.52 34.9081
58.56 34.9083
58.6 34.9086
58.64 34.9088
58.68 34.909
58.72 34.9093
58.76 34.9095
58.8 34.9097
58.84 34.91
58.88 34.9102
58.92 34.9104
58.96 34.9106
59 34.9109
59.04 34.9111
59.08 34.9113
59.12 34.9116
59.16 34.9118
59.2 34.912
59.24 34.9122
59.28 34.9125
59.32 34.9127
59.36 34.9129
59.4 34.9131
59.44 34.9134
59.48 34.9136
59.52 34.9138
59.56 34.914
59.6 34.9143
59.64 34.9145
59.68 34.9147
59.72 34.9149
59.76 34.9152
59.8 34.9154
59.84 34.9156
59.88 34.9158
59.92 34.916
59.96 34.9163
60 34.9165
__settings__ -1 11 2 0 1 1
