G Matrix Plot 1
Freq [GHz]
Y Axis
__cartesian__ 0 0 0.040000 -33.979330 60.000000 813.112044
__settings__ 1 0 0 0 11 11 0 0 0 0
G(1,1) [mSie]
0.04 0.702544
0.08 1.27242
0.12 2.13667
0.16 3.1965
0.2 4.35568
0.24 5.53702
0.28 6.68787
0.32 7.77798
0.36 8.79398
0.4 9.7337
0.44 10.6015
0.48 11.405
0.52 12.1529
0.56 12.8543
0.6 13.5173
0.64 14.1493
0.68 14.7567
0.72 15.345
0.76 15.9188
0.8 16.4821
0.84 17.0381
0.88 17.5894
0.92 18.1384
0.96 18.6868
1 19.236
1.04 19.7874
1.08 20.3419
1.12 20.9002
1.16 21.463
1.2 22.0307
1.24 22.6037
1.28 23.1823
1.32 23.7665
1.36 24.3566
1.4 24.9525
1.44 25.5542
1.48 26.1617
1.52 26.7749
1.56 27.3936
1.6 28.0178
1.64 28.6473
1.68 29.2819
1.72 29.9214
1.76 30.5656
1.8 31.2144
1.84 31.8674
1.88 32.5246
1.92 33.1858
1.96 33.8506
2 34.5189
2.04 35.1905
2.08 35.8651
2.12 36.5427
2.16 37.223
2.2 37.9057
2.24 38.5908
2.28 39.2781
2.32 39.9673
2.36 40.6583
2.4 41.3509
2.44 42.0451
2.48 42.7406
2.52 43.4373
2.56 44.1351
2.6 44.8338
2.64 45.5333
2.68 46.2336
2.72 46.9344
2.76 47.6357
2.8 48.3374
2.84 49.0394
2.88 49.7417
2.92 50.444
2.96 51.1465
3 51.8489
3.04 52.5512
3.08 53.2533
3.12 53.9553
3.16 54.657
3.2 55.3584
3.24 56.0595
3.28 56.7601
3.32 57.4604
3.36 58.1601
3.4 58.8594
3.44 59.5582
3.48 60.2564
3.52 60.954
3.56 61.651
3.6 62.3475
3.64 63.0433
3.68 63.7384
3.72 64.433
3.76 65.1268
3.8 65.82
3.84 66.5125
3.88 67.2044
3.92 67.8956
3.96 68.5861
4 69.2759
4.04 69.9651
4.08 70.6536
4.12 71.3414
4.16 72.0285
4.2 72.715
4.24 73.4009
4.28 74.0861
4.32 74.7706
4.36 75.4546
4.4 76.1379
4.44 76.8206
4.48 77.5027
4.52 78.1842
4.56 78.8651
4.6 79.5455
4.64 80.2253
4.68 80.9045
4.72 81.5832
4.76 82.2614
4.8 82.939
4.84 83.6162
4.88 84.2929
4.92 84.969
4.96 85.6447
5 86.32
5.04 86.9948
5.08 87.6691
5.12 88.343
5.16 89.0165
5.2 89.6896
5.24 90.3623
5.28 91.0346
5.32 91.7066
5.36 92.3781
5.4 93.0494
5.44 93.7202
5.48 94.3907
5.52 95.0609
5.56 95.7308
5.6 96.4004
5.64 97.0696
5.68 97.7386
5.72 98.4073
5.76 99.0757
5.8 99.7438
5.84 100.412
5.88 101.079
5.92 101.747
5.96 102.414
6 103.081
6.04 103.747
6.08 104.414
6.12 105.08
6.16 105.746
6.2 106.412
6.24 107.077
6.28 107.742
6.32 108.408
6.36 109.073
6.4 109.737
6.44 110.402
6.48 111.066
6.52 111.731
6.56 112.395
6.6 113.059
6.64 113.722
6.68 114.386
6.72 115.049
6.76 115.712
6.8 116.375
6.84 117.038
6.88 117.701
6.92 118.364
6.96 119.026
7 119.689
7.04 120.351
7.08 121.013
7.12 121.675
7.16 122.336
7.2 122.998
7.24 123.659
7.28 124.321
7.32 124.982
7.36 125.643
7.4 126.303
7.44 126.964
7.48 127.625
7.52 128.285
7.56 128.945
7.6 129.606
7.64 130.266
7.68 130.925
7.72 131.585
7.76 132.245
7.8 132.904
7.84 133.563
7.88 134.222
7.92 134.881
7.96 135.54
8 136.199
8.04 136.857
8.08 137.515
8.12 138.174
8.16 138.832
8.2 139.49
8.24 140.147
8.28 140.805
8.32 141.462
8.36 142.119
8.4 142.776
8.44 143.433
8.48 144.09
8.52 144.747
8.56 145.403
8.6 146.059
8.64 146.715
8.68 147.371
8.72 148.027
8.76 148.682
8.8 149.337
8.84 149.992
8.88 150.647
8.92 151.302
8.96 151.957
9 152.611
9.04 153.265
9.08 153.919
9.12 154.573
9.16 155.227
9.2 155.88
9.24 156.533
9.28 157.186
9.32 157.839
9.36 158.492
9.4 159.144
9.44 159.796
9.48 160.448
9.52 161.1
9.56 161.752
9.6 162.403
9.64 163.054
9.68 163.705
9.72 164.356
9.76 165.006
9.8 165.656
9.84 166.306
9.88 166.956
9.92 167.606
9.96 168.255
10 168.904
10.04 169.553
10.08 170.202
10.12 170.85
10.16 171.498
10.2 172.146
10.24 172.794
10.28 173.442
10.32 174.089
10.36 174.736
10.4 175.383
10.44 176.029
10.48 176.675
10.52 177.321
10.56 177.967
10.6 178.613
10.64 179.258
10.68 179.903
10.72 180.548
10.76 181.193
10.8 181.837
10.84 182.481
10.88 183.125
10.92 183.768
10.96 184.412
11 185.055
11.04 185.698
11.08 186.34
11.12 186.982
11.16 187.624
11.2 188.266
11.24 188.908
11.28 189.549
11.32 190.19
11.36 190.831
11.4 191.471
11.44 192.111
11.48 192.751
11.52 193.391
11.56 194.031
11.6 194.67
11.64 195.309
11.68 195.947
11.72 196.586
11.76 197.224
11.8 197.862
11.84 198.499
11.88 199.137
11.92 199.774
11.96 200.411
12 201.047
12.04 201.683
12.08 202.319
12.12 202.955
12.16 203.591
12.2 204.226
12.24 204.861
12.28 205.495
12.32 206.13
12.36 206.764
12.4 207.398
12.44 208.031
12.48 208.665
12.52 209.298
12.56 209.931
12.6 210.563
12.64 211.196
12.68 211.828
12.72 212.459
12.76 213.091
12.8 213.722
12.84 214.353
12.88 214.984
12.92 215.614
12.96 216.244
13 216.874
13.04 217.504
13.08 218.133
13.12 218.762
13.16 219.391
13.2 220.02
13.24 220.648
13.28 221.276
13.32 221.904
13.36 222.532
13.4 223.159
13.44 223.786
13.48 224.413
13.52 225.039
13.56 225.665
13.6 226.291
13.64 226.917
13.68 227.543
13.72 228.168
13.76 228.793
13.8 229.417
13.84 230.042
13.88 230.666
13.92 231.29
13.96 231.914
14 232.537
14.04 233.16
14.08 233.783
14.12 234.406
14.16 235.028
14.2 235.65
14.24 236.272
14.28 236.894
14.32 237.515
14.36 238.136
14.4 238.757
14.44 239.378
14.48 239.998
14.52 240.618
14.56 241.238
14.6 241.858
14.64 242.477
14.68 243.096
14.72 243.715
14.76 244.334
14.8 244.952
14.84 245.571
14.88 246.189
14.92 246.806
14.96 247.424
15 248.041
15.04 248.658
15.08 249.275
15.12 249.891
15.16 250.507
15.2 251.123
15.24 251.739
15.28 252.355
15.32 252.97
15.36 253.585
15.4 254.2
15.44 254.814
15.48 255.429
15.52 256.043
15.56 256.657
15.6 257.27
15.64 257.884
15.68 258.497
15.72 259.11
15.76 259.722
15.8 260.335
15.84 260.947
15.88 261.559
15.92 262.171
15.96 262.783
16 263.394
16.04 264.005
16.08 264.616
16.12 265.227
16.16 265.837
16.2 266.447
16.24 267.057
16.28 267.667
16.32 268.277
16.36 268.886
16.4 269.495
16.44 270.104
16.48 270.712
16.52 271.321
16.56 271.929
16.6 272.537
16.64 273.145
16.68 273.752
16.72 274.36
16.76 274.967
16.8 275.574
16.84 276.18
16.88 276.787
16.92 277.393
16.96 277.999
17 278.605
17.04 279.211
17.08 279.816
17.12 280.421
17.16 281.026
17.2 281.631
17.24 282.236
17.28 282.84
17.32 283.444
17.36 284.048
17.4 284.652
17.44 285.255
17.48 285.858
17.52 286.461
17.56 287.064
17.6 287.667
17.64 288.269
17.68 288.872
17.72 289.474
17.76 290.076
17.8 290.677
17.84 291.279
17.88 291.88
17.92 292.481
17.96 293.082
18 293.682
18.04 294.283
18.08 294.883
18.12 295.483
18.16 296.083
18.2 296.682
18.24 297.282
18.28 297.881
18.32 298.48
18.36 299.079
18.4 299.677
18.44 300.276
18.48 300.874
18.52 301.472
18.56 302.07
18.6 302.667
18.64 303.265
18.68 303.862
18.72 304.459
18.76 305.056
18.8 305.652
18.84 306.249
18.88 306.845
18.92 307.441
18.96 308.037
19 308.632
19.04 309.228
19.08 309.823
19.12 310.418
19.16 311.013
19.2 311.607
19.24 312.202
19.28 312.796
19.32 313.39
19.36 313.984
19.4 314.578
19.44 315.171
19.48 315.765
19.52 316.358
19.56 316.951
19.6 317.543
19.64 318.136
19.68 318.728
19.72 319.32
19.76 319.912
19.8 320.504
19.84 321.096
19.88 321.687
19.92 322.278
19.96 322.869
20 323.46
20.04 324.051
20.08 324.641
20.12 325.231
20.16 325.821
20.2 326.411
20.24 327.001
20.28 327.59
20.32 328.18
20.36 328.769
20.4 329.358
20.44 329.946
20.48 330.535
20.52 331.123
20.56 331.711
20.6 332.299
20.64 332.887
20.68 333.475
20.72 334.062
20.76 334.649
20.8 335.236
20.84 335.823
20.88 336.41
20.92 336.996
20.96 337.582
21 338.169
21.04 338.754
21.08 339.34
21.12 339.926
21.16 340.511
21.2 341.096
21.24 341.681
21.28 342.266
21.32 342.85
21.36 343.435
21.4 344.019
21.44 344.603
21.48 345.187
21.52 345.77
21.56 346.354
21.6 346.937
21.64 347.52
21.68 348.103
21.72 348.686
21.76 349.268
21.8 349.851
21.84 350.433
21.88 351.015
21.92 351.596
21.96 352.178
22 352.759
22.04 353.34
22.08 353.921
22.12 354.502
22.16 355.083
22.2 355.663
22.24 356.244
22.28 356.824
22.32 357.404
22.36 357.983
22.4 358.563
22.44 359.142
22.48 359.721
22.52 360.3
22.56 360.879
22.6 361.457
22.64 362.036
22.68 362.614
22.72 363.192
22.76 363.77
22.8 364.347
22.84 364.925
22.88 365.502
22.92 366.079
22.96 366.656
23 367.232
23.04 367.809
23.08 368.385
23.12 368.961
23.16 369.537
23.2 370.113
23.24 370.688
23.28 371.263
23.32 371.839
23.36 372.414
23.4 372.988
23.44 373.563
23.48 374.137
23.52 374.711
23.56 375.285
23.6 375.859
23.64 376.433
23.68 377.006
23.72 377.579
23.76 378.152
23.8 378.725
23.84 379.298
23.88 379.87
23.92 380.442
23.96 381.014
24 381.586
24.04 382.158
24.08 382.729
24.12 383.301
24.16 383.872
24.2 384.443
24.24 385.013
24.28 385.584
24.32 386.154
24.36 386.724
24.4 387.294
24.44 387.864
24.48 388.433
24.52 389.003
24.56 389.572
24.6 390.141
24.64 390.709
24.68 391.278
24.72 391.846
24.76 392.414
24.8 392.982
24.84 393.55
24.88 394.118
24.92 394.685
24.96 395.252
25 395.819
25.04 396.386
25.08 396.953
25.12 397.519
25.16 398.085
25.2 398.651
25.24 399.217
25.28 399.782
25.32 400.348
25.36 400.913
25.4 401.478
25.44 402.043
25.48 402.607
25.52 403.172
25.56 403.736
25.6 404.3
25.64 404.864
25.68 405.427
25.72 405.99
25.76 406.554
25.8 407.117
25.84 407.679
25.88 408.242
25.92 408.804
25.96 409.366
26 409.928
26.04 410.49
26.08 411.052
26.12 411.613
26.16 412.174
26.2 412.735
26.24 413.296
26.28 413.856
26.32 414.417
26.36 414.977
26.4 415.537
26.44 416.096
26.48 416.656
26.52 417.215
26.56 417.774
26.6 418.333
26.64 418.892
26.68 419.45
26.72 420.009
26.76 420.567
26.8 421.125
26.84 421.682
26.88 422.24
26.92 422.797
26.96 423.354
27 423.911
27.04 424.467
27.08 425.024
27.12 425.58
27.16 426.136
27.2 426.692
27.24 427.247
27.28 427.803
27.32 428.358
27.36 428.913
27.4 429.468
27.44 430.022
27.48 430.576
27.52 431.13
27.56 431.684
27.6 432.238
27.64 432.792
27.68 433.345
27.72 433.898
27.76 434.451
27.8 435.003
27.84 435.556
27.88 436.108
27.92 436.66
27.96 437.212
28 437.763
28.04 438.315
28.08 438.866
28.12 439.417
28.16 439.967
28.2 440.518
28.24 441.068
28.28 441.618
28.32 442.168
28.36 442.718
28.4 443.267
28.44 443.816
28.48 444.365
28.52 444.914
28.56 445.463
28.6 446.011
28.64 446.559
28.68 447.107
28.72 447.655
28.76 448.203
28.8 448.75
28.84 449.297
28.88 449.844
28.92 450.39
28.96 450.937
29 451.483
29.04 452.029
29.08 452.575
29.12 453.12
29.16 453.666
29.2 454.211
29.24 454.756
29.28 455.3
29.32 455.845
29.36 456.389
29.4 456.933
29.44 457.477
29.48 458.02
29.52 458.564
29.56 459.107
29.6 459.65
29.64 460.192
29.68 460.735
29.72 461.277
29.76 461.819
29.8 462.361
29.84 462.903
29.88 463.444
29.92 463.985
29.96 464.526
30 465.067
30.04 465.607
30.08 466.148
30.12 466.688
30.16 467.228
30.2 467.767
30.24 468.307
30.28 468.846
30.32 469.385
30.36 469.923
30.4 470.462
30.44 471
30.48 471.538
30.52 472.076
30.56 472.614
30.6 473.151
30.64 473.688
30.68 474.225
30.72 474.762
30.76 475.298
30.8 475.835
30.84 476.371
30.88 476.907
30.92 477.442
30.96 477.978
31 478.513
31.04 479.048
31.08 479.582
31.12 480.117
31.16 480.651
31.2 481.185
31.24 481.719
31.28 482.252
31.32 482.786
31.36 483.319
31.4 483.852
31.44 484.385
31.48 484.917
31.52 485.449
31.56 485.981
31.6 486.513
31.64 487.045
31.68 487.576
31.72 488.107
31.76 488.638
31.8 489.168
31.84 489.699
31.88 490.229
31.92 490.759
31.96 491.289
32 491.818
32.04 492.348
32.08 492.877
32.12 493.405
32.16 493.934
32.2 494.462
32.24 494.991
32.28 495.519
32.32 496.046
32.36 496.574
32.4 497.101
32.44 497.628
32.48 498.155
32.52 498.681
32.56 499.208
32.6 499.734
32.64 500.26
32.68 500.785
32.72 501.311
32.76 501.836
32.8 502.361
32.84 502.886
32.88 503.41
32.92 503.934
32.96 504.458
33 504.982
33.04 505.506
33.08 506.029
33.12 506.552
33.16 507.075
33.2 507.598
33.24 508.12
33.28 508.643
33.32 509.165
33.36 509.686
33.4 510.208
33.44 510.729
33.48 511.25
33.52 511.771
33.56 512.292
33.6 512.812
33.64 513.332
33.68 513.852
33.72 514.372
33.76 514.891
33.8 515.411
33.84 515.93
33.88 516.448
33.92 516.967
33.96 517.485
34 518.003
34.04 518.521
34.08 519.039
34.12 519.556
34.16 520.073
34.2 520.59
34.24 521.107
34.28 521.624
34.32 522.14
34.36 522.656
34.4 523.172
34.44 523.687
34.48 524.203
34.52 524.718
34.56 525.233
34.6 525.747
34.64 526.262
34.68 526.776
34.72 527.29
34.76 527.804
34.8 528.317
34.84 528.83
34.88 529.343
34.92 529.856
34.96 530.369
35 530.881
35.04 531.393
35.08 531.905
35.12 532.417
35.16 532.928
35.2 533.44
35.24 533.951
35.28 534.461
35.32 534.972
35.36 535.482
35.4 535.992
35.44 536.502
35.48 537.012
35.52 537.521
35.56 538.03
35.6 538.539
35.64 539.048
35.68 539.556
35.72 540.065
35.76 540.573
35.8 541.08
35.84 541.588
35.88 542.095
35.92 542.602
35.96 543.109
36 543.616
36.04 544.122
36.08 544.628
36.12 545.134
36.16 545.64
36.2 546.146
36.24 546.651
36.28 547.156
36.32 547.661
36.36 548.165
36.4 548.67
36.44 549.174
36.48 549.678
36.52 550.182
36.56 550.685
36.6 551.188
36.64 551.691
36.68 552.194
36.72 552.696
36.76 553.199
36.8 553.701
36.84 554.203
36.88 554.704
36.92 555.206
36.96 555.707
37 556.208
37.04 556.709
37.08 557.209
37.12 557.709
37.16 558.21
37.2 558.709
37.24 559.209
37.28 559.708
37.32 560.207
37.36 560.706
37.4 561.205
37.44 561.704
37.48 562.202
37.52 562.7
37.56 563.198
37.6 563.695
37.64 564.192
37.68 564.69
37.72 565.186
37.76 565.683
37.8 566.18
37.84 566.676
37.88 567.172
37.92 567.668
37.96 568.163
38 568.658
38.04 569.154
38.08 569.648
38.12 570.143
38.16 570.637
38.2 571.132
38.24 571.626
38.28 572.119
38.32 572.613
38.36 573.106
38.4 573.599
38.44 574.092
38.48 574.585
38.52 575.077
38.56 575.569
38.6 576.061
38.64 576.553
38.68 577.045
38.72 577.536
38.76 578.027
38.8 578.518
38.84 579.009
38.88 579.499
38.92 579.989
38.96 580.479
39 580.969
39.04 581.458
39.08 581.948
39.12 582.437
39.16 582.926
39.2 583.414
39.24 583.903
39.28 584.391
39.32 584.879
39.36 585.367
39.4 585.854
39.44 586.342
39.48 586.829
39.52 587.316
39.56 587.802
39.6 588.289
39.64 588.775
39.68 589.261
39.72 589.747
39.76 590.233
39.8 590.718
39.84 591.203
39.88 591.688
39.92 592.173
39.96 592.657
40 593.141
40.04 593.626
40.08 594.109
40.12 594.593
40.16 595.076
40.2 595.56
40.24 596.043
40.28 596.525
40.32 597.008
40.36 597.49
40.4 597.972
40.44 598.454
40.48 598.936
40.52 599.417
40.56 599.899
40.6 600.38
40.64 600.861
40.68 601.341
40.72 601.822
40.76 602.302
40.8 602.782
40.84 603.261
40.88 603.741
40.92 604.22
40.96 604.699
41 605.178
41.04 605.657
41.08 606.136
41.12 606.614
41.16 607.092
41.2 607.57
41.24 608.047
41.28 608.525
41.32 609.002
41.36 609.479
41.4 609.956
41.44 610.432
41.48 610.909
41.52 611.385
41.56 611.861
41.6 612.337
41.64 612.812
41.68 613.287
41.72 613.763
41.76 614.237
41.8 614.712
41.84 615.187
41.88 615.661
41.92 616.135
41.96 616.609
42 617.082
42.04 617.556
42.08 618.029
42.12 618.502
42.16 618.975
42.2 619.448
42.24 619.92
42.28 620.392
42.32 620.864
42.36 621.336
42.4 621.808
42.44 622.279
42.48 622.75
42.52 623.221
42.56 623.692
42.6 624.163
42.64 624.633
42.68 625.103
42.72 625.573
42.76 626.043
42.8 626.512
42.84 626.982
42.88 627.451
42.92 627.92
42.96 628.388
43 628.857
43.04 629.325
43.08 629.793
43.12 630.261
43.16 630.729
43.2 631.197
43.24 631.664
43.28 632.131
43.32 632.598
43.36 633.065
43.4 633.531
43.44 633.997
43.48 634.464
43.52 634.929
43.56 635.395
43.6 635.861
43.64 636.326
43.68 636.791
43.72 637.256
43.76 637.721
43.8 638.185
43.84 638.65
43.88 639.114
43.92 639.578
43.96 640.042
44 640.505
44.04 640.968
44.08 641.432
44.12 641.895
44.16 642.357
44.2 642.82
44.24 643.282
44.28 643.744
44.32 644.206
44.36 644.668
44.4 645.13
44.44 645.591
44.48 646.052
44.52 646.513
44.56 646.974
44.6 647.435
44.64 647.895
44.68 648.356
44.72 648.816
44.76 649.275
44.8 649.735
44.84 650.195
44.88 650.654
44.92 651.113
44.96 651.572
45 652.031
45.04 652.489
45.08 652.947
45.12 653.406
45.16 653.864
45.2 654.321
45.24 654.779
45.28 655.236
45.32 655.693
45.36 656.15
45.4 656.607
45.44 657.064
45.48 657.52
45.52 657.977
45.56 658.433
45.6 658.889
45.64 659.344
45.68 659.8
45.72 660.255
45.76 660.71
45.8 661.165
45.84 661.62
45.88 662.075
45.92 662.529
45.96 662.983
46 663.437
46.04 663.891
46.08 664.345
46.12 664.798
46.16 665.252
46.2 665.705
46.24 666.158
46.28 666.611
46.32 667.063
46.36 667.516
46.4 667.968
46.44 668.42
46.48 668.872
46.52 669.323
46.56 669.775
46.6 670.226
46.64 670.677
46.68 671.128
46.72 671.579
46.76 672.03
46.8 672.48
46.84 672.93
46.88 673.38
46.92 673.83
46.96 674.28
47 674.73
47.04 675.179
47.08 675.628
47.12 676.077
47.16 676.526
47.2 676.975
47.24 677.423
47.28 677.871
47.32 678.319
47.36 678.767
47.4 679.215
47.44 679.663
47.48 680.11
47.52 680.557
47.56 681.005
47.6 681.451
47.64 681.898
47.68 682.345
47.72 682.791
47.76 683.237
47.8 683.683
47.84 684.129
47.88 684.575
47.92 685.021
47.96 685.466
48 685.911
48.04 686.356
48.08 686.801
48.12 687.246
48.16 687.69
48.2 688.135
48.24 688.579
48.28 689.023
48.32 689.467
48.36 689.91
48.4 690.354
48.44 690.797
48.48 691.24
48.52 691.683
48.56 692.126
48.6 692.569
48.64 693.012
48.68 693.454
48.72 693.896
48.76 694.338
48.8 694.78
48.84 695.222
48.88 695.663
48.92 696.105
48.96 696.546
49 696.987
49.04 697.428
49.08 697.868
49.12 698.309
49.16 698.749
49.2 699.19
49.24 699.63
49.28 700.07
49.32 700.509
49.36 700.949
49.4 701.388
49.44 701.828
49.48 702.267
49.52 702.706
49.56 703.144
49.6 703.583
49.64 704.022
49.68 704.46
49.72 704.898
49.76 705.336
49.8 705.774
49.84 706.212
49.88 706.649
49.92 707.086
49.96 707.524
50 707.961
50.04 708.398
50.08 708.834
50.12 709.271
50.16 709.707
50.2 710.144
50.24 710.58
50.28 711.016
50.32 711.452
50.36 711.887
50.4 712.323
50.44 712.758
50.48 713.193
50.52 713.629
50.56 714.063
50.6 714.498
50.64 714.933
50.68 715.367
50.72 715.802
50.76 716.236
50.8 716.67
50.84 717.104
50.88 717.537
50.92 717.971
50.96 718.404
51 718.838
51.04 719.271
51.08 719.704
51.12 720.137
51.16 720.569
51.2 721.002
51.24 721.434
51.28 721.866
51.32 722.298
51.36 722.73
51.4 723.162
51.44 723.594
51.48 724.025
51.52 724.457
51.56 724.888
51.6 725.319
51.64 725.75
51.68 726.181
51.72 726.611
51.76 727.042
51.8 727.472
51.84 727.902
51.88 728.333
51.92 728.762
51.96 729.192
52 729.622
52.04 730.051
52.08 730.481
52.12 730.91
52.16 731.339
52.2 731.768
52.24 732.197
52.28 732.626
52.32 733.054
52.36 733.482
52.4 733.911
52.44 734.339
52.48 734.767
52.52 735.195
52.56 735.622
52.6 736.05
52.64 736.477
52.68 736.905
52.72 737.332
52.76 737.759
52.8 738.186
52.84 738.613
52.88 739.039
52.92 739.466
52.96 739.892
53 740.318
53.04 740.744
53.08 741.17
53.12 741.596
53.16 742.022
53.2 742.447
53.24 742.873
53.28 743.298
53.32 743.723
53.36 744.148
53.4 744.573
53.44 744.998
53.48 745.423
53.52 745.847
53.56 746.271
53.6 746.696
53.64 747.12
53.68 747.544
53.72 747.968
53.76 748.391
53.8 748.815
53.84 749.238
53.88 749.662
53.92 750.085
53.96 750.508
54 750.931
54.04 751.354
54.08 751.777
54.12 752.199
54.16 752.622
54.2 753.044
54.24 753.466
54.28 753.888
54.32 754.31
54.36 754.732
54.4 755.154
54.44 755.576
54.48 755.997
54.52 756.418
54.56 756.84
54.6 757.261
54.64 757.682
54.68 758.103
54.72 758.523
54.76 758.944
54.8 759.365
54.84 759.785
54.88 760.205
54.92 760.625
54.96 761.045
55 761.465
55.04 761.885
55.08 762.305
55.12 762.724
55.16 763.144
55.2 763.563
55.24 763.982
55.28 764.401
55.32 764.82
55.36 765.239
55.4 765.658
55.44 766.076
55.48 766.495
55.52 766.913
55.56 767.332
55.6 767.75
55.64 768.168
55.68 768.586
55.72 769.004
55.76 769.421
55.8 769.839
55.84 770.256
55.88 770.674
55.92 771.091
55.96 771.508
56 771.925
56.04 772.342
56.08 772.759
56.12 773.176
56.16 773.592
56.2 774.009
56.24 774.425
56.28 774.841
56.32 775.257
56.36 775.673
56.4 776.089
56.44 776.505
56.48 776.921
56.52 777.336
56.56 777.752
56.6 778.167
56.64 778.583
56.68 778.998
56.72 779.413
56.76 779.828
56.8 780.243
56.84 780.657
56.88 781.072
56.92 781.487
56.96 781.901
57 782.315
57.04 782.73
57.08 783.144
57.12 783.558
57.16 783.972
57.2 784.385
57.24 784.799
57.28 785.213
57.32 785.626
57.36 786.04
57.4 786.453
57.44 786.866
57.48 787.279
57.52 787.692
57.56 788.105
57.6 788.518
57.64 788.931
57.68 789.343
57.72 789.756
57.76 790.168
57.8 790.58
57.84 790.992
57.88 791.405
57.92 791.817
57.96 792.228
58 792.64
58.04 793.052
58.08 793.464
58.12 793.875
58.16 794.287
58.2 794.698
58.24 795.109
58.28 795.52
58.32 795.931
58.36 796.342
58.4 796.753
58.44 797.164
58.48 797.574
58.52 797.985
58.56 798.395
58.6 798.806
58.64 799.216
58.68 799.626
58.72 800.036
58.76 800.446
58.8 800.856
58.84 801.266
58.88 801.676
58.92 802.085
58.96 802.495
59 802.904
59.04 803.314
59.08 803.723
59.12 804.132
59.16 804.541
59.2 804.95
59.24 805.359
59.28 805.768
59.32 806.177
59.36 806.585
59.4 806.994
59.44 807.402
59.48 807.811
59.52 808.219
59.56 808.627
59.6 809.035
59.64 809.444
59.68 809.851
59.72 810.259
59.76 810.667
59.8 811.075
59.84 811.482
59.88 811.89
59.92 812.297
59.96 812.705
60 813.112
__settings__ -1 8 2 0 1 1
G(2,1) [mSie]
0.04 -0.0293611
0.08 -0.0531775
0.12 -0.0892964
0.16 -0.133589
0.2 -0.182033
0.24 -0.231403
0.28 -0.279499
0.32 -0.325056
0.36 -0.367515
0.4 -0.406787
0.44 -0.443052
0.48 -0.47663
0.52 -0.507889
0.56 -0.537199
0.6 -0.564905
0.64 -0.591316
0.68 -0.616699
0.72 -0.641285
0.76 -0.665266
0.8 -0.688806
0.84 -0.712041
0.88 -0.735083
0.92 -0.758023
0.96 -0.78094
1 -0.803894
1.04 -0.826937
1.08 -0.850108
1.12 -0.873441
1.16 -0.896961
1.2 -0.920686
1.24 -0.944633
1.28 -0.968811
1.32 -0.993227
1.36 -1.01789
1.4 -1.04279
1.44 -1.06793
1.48 -1.09332
1.52 -1.11895
1.56 -1.14481
1.6 -1.17089
1.64 -1.1972
1.68 -1.22372
1.72 -1.25044
1.76 -1.27736
1.8 -1.30448
1.84 -1.33177
1.88 -1.35923
1.92 -1.38686
1.96 -1.41464
2 -1.44257
2.04 -1.47064
2.08 -1.49883
2.12 -1.52715
2.16 -1.55558
2.2 -1.58411
2.24 -1.61274
2.28 -1.64146
2.32 -1.67026
2.36 -1.69914
2.4 -1.72809
2.44 -1.7571
2.48 -1.78616
2.52 -1.81528
2.56 -1.84444
2.6 -1.87364
2.64 -1.90287
2.68 -1.93213
2.72 -1.96142
2.76 -1.99073
2.8 -2.02006
2.84 -2.04939
2.88 -2.07874
2.92 -2.10809
2.96 -2.13745
3 -2.1668
3.04 -2.19615
3.08 -2.22549
3.12 -2.25483
3.16 -2.28415
3.2 -2.31346
3.24 -2.34276
3.28 -2.37204
3.32 -2.40131
3.36 -2.43055
3.4 -2.45977
3.44 -2.48897
3.48 -2.51815
3.52 -2.5473
3.56 -2.57643
3.6 -2.60554
3.64 -2.63462
3.68 -2.66367
3.72 -2.69269
3.76 -2.72169
3.8 -2.75066
3.84 -2.7796
3.88 -2.80851
3.92 -2.83739
3.96 -2.86625
4 -2.89508
4.04 -2.92388
4.08 -2.95265
4.12 -2.98139
4.16 -3.01011
4.2 -3.0388
4.24 -3.06746
4.28 -3.0961
4.32 -3.1247
4.36 -3.15328
4.4 -3.18184
4.44 -3.21037
4.48 -3.23888
4.52 -3.26736
4.56 -3.29581
4.6 -3.32424
4.64 -3.35265
4.68 -3.38104
4.72 -3.4094
4.76 -3.43774
4.8 -3.46606
4.84 -3.49436
4.88 -3.52264
4.92 -3.55089
4.96 -3.57913
5 -3.60735
5.04 -3.63555
5.08 -3.66373
5.12 -3.69189
5.16 -3.72004
5.2 -3.74817
5.24 -3.77628
5.28 -3.80438
5.32 -3.83246
5.36 -3.86052
5.4 -3.88857
5.44 -3.91661
5.48 -3.94463
5.52 -3.97263
5.56 -4.00063
5.6 -4.02861
5.64 -4.05658
5.68 -4.08453
5.72 -4.11248
5.76 -4.14041
5.8 -4.16833
5.84 -4.19624
5.88 -4.22414
5.92 -4.25203
5.96 -4.27991
6 -4.30777
6.04 -4.33563
6.08 -4.36348
6.12 -4.39132
6.16 -4.41915
6.2 -4.44698
6.24 -4.47479
6.28 -4.50259
6.32 -4.53039
6.36 -4.55818
6.4 -4.58596
6.44 -4.61373
6.48 -4.6415
6.52 -4.66926
6.56 -4.69701
6.6 -4.72475
6.64 -4.75249
6.68 -4.78022
6.72 -4.80794
6.76 -4.83566
6.8 -4.86337
6.84 -4.89107
6.88 -4.91877
6.92 -4.94646
6.96 -4.97414
7 -5.00182
7.04 -5.02949
7.08 -5.05715
7.12 -5.08481
7.16 -5.11247
7.2 -5.14011
7.24 -5.16775
7.28 -5.19539
7.32 -5.22302
7.36 -5.25064
7.4 -5.27825
7.44 -5.30587
7.48 -5.33347
7.52 -5.36107
7.56 -5.38866
7.6 -5.41625
7.64 -5.44383
7.68 -5.4714
7.72 -5.49897
7.76 -5.52653
7.8 -5.55409
7.84 -5.58164
7.88 -5.60918
7.92 -5.63672
7.96 -5.66425
8 -5.69177
8.04 -5.71929
8.08 -5.7468
8.12 -5.77431
8.16 -5.8018
8.2 -5.8293
8.24 -5.85678
8.28 -5.88426
8.32 -5.91173
8.36 -5.9392
8.4 -5.96665
8.44 -5.9941
8.48 -6.02155
8.52 -6.04898
8.56 -6.07641
8.6 -6.10383
8.64 -6.13125
8.68 -6.15866
8.72 -6.18606
8.76 -6.21345
8.8 -6.24083
8.84 -6.26821
8.88 -6.29558
8.92 -6.32294
8.96 -6.3503
9 -6.37764
9.04 -6.40498
9.08 -6.43231
9.12 -6.45963
9.16 -6.48695
9.2 -6.51425
9.24 -6.54155
9.28 -6.56884
9.32 -6.59612
9.36 -6.62339
9.4 -6.65065
9.44 -6.67791
9.48 -6.70515
9.52 -6.73239
9.56 -6.75962
9.6 -6.78684
9.64 -6.81405
9.68 -6.84125
9.72 -6.86844
9.76 -6.89562
9.8 -6.9228
9.84 -6.94996
9.88 -6.97712
9.92 -7.00426
9.96 -7.0314
10 -7.05852
10.04 -7.08564
10.08 -7.11275
10.12 -7.13985
10.16 -7.16693
10.2 -7.19401
10.24 -7.22108
10.28 -7.24814
10.32 -7.27519
10.36 -7.30223
10.4 -7.32925
10.44 -7.35627
10.48 -7.38328
10.52 -7.41028
10.56 -7.43727
10.6 -7.46425
10.64 -7.49121
10.68 -7.51817
10.72 -7.54512
10.76 -7.57205
10.8 -7.59898
10.84 -7.62589
10.88 -7.6528
10.92 -7.67969
10.96 -7.70658
11 -7.73345
11.04 -7.76031
11.08 -7.78716
11.12 -7.81401
11.16 -7.84084
11.2 -7.86766
11.24 -7.89447
11.28 -7.92126
11.32 -7.94805
11.36 -7.97483
11.4 -8.00159
11.44 -8.02835
11.48 -8.05509
11.52 -8.08182
11.56 -8.10855
11.6 -8.13526
11.64 -8.16196
11.68 -8.18865
11.72 -8.21532
11.76 -8.24199
11.8 -8.26865
11.84 -8.29529
11.88 -8.32193
11.92 -8.34855
11.96 -8.37516
12 -8.40176
12.04 -8.42835
12.08 -8.45493
12.12 -8.4815
12.16 -8.50805
12.2 -8.5346
12.24 -8.56113
12.28 -8.58766
12.32 -8.61417
12.36 -8.64067
12.4 -8.66716
12.44 -8.69364
12.48 -8.7201
12.52 -8.74656
12.56 -8.773
12.6 -8.79944
12.64 -8.82586
12.68 -8.85227
12.72 -8.87867
12.76 -8.90506
12.8 -8.93144
12.84 -8.95781
12.88 -8.98417
12.92 -9.01051
12.96 -9.03685
13 -9.06317
13.04 -9.08948
13.08 -9.11578
13.12 -9.14208
13.16 -9.16835
13.2 -9.19462
13.24 -9.22088
13.28 -9.24713
13.32 -9.27336
13.36 -9.29959
13.4 -9.3258
13.44 -9.352
13.48 -9.3782
13.52 -9.40438
13.56 -9.43055
13.6 -9.45671
13.64 -9.48285
13.68 -9.50899
13.72 -9.53512
13.76 -9.56124
13.8 -9.58734
13.84 -9.61344
13.88 -9.63952
13.92 -9.66559
13.96 -9.69166
14 -9.71771
14.04 -9.74375
14.08 -9.76978
14.12 -9.7958
14.16 -9.82181
14.2 -9.84781
14.24 -9.8738
14.28 -9.89977
14.32 -9.92574
14.36 -9.9517
14.4 -9.97765
14.44 -10.0036
14.48 -10.0295
14.52 -10.0554
14.56 -10.0813
14.6 -10.1072
14.64 -10.1331
14.68 -10.159
14.72 -10.1848
14.76 -10.2107
14.8 -10.2365
14.84 -10.2624
14.88 -10.2882
14.92 -10.314
14.96 -10.3398
15 -10.3656
15.04 -10.3914
15.08 -10.4172
15.12 -10.4429
15.16 -10.4687
15.2 -10.4944
15.24 -10.5201
15.28 -10.5459
15.32 -10.5716
15.36 -10.5973
15.4 -10.623
15.44 -10.6487
15.48 -10.6743
15.52 -10.7
15.56 -10.7257
15.6 -10.7513
15.64 -10.7769
15.68 -10.8026
15.72 -10.8282
15.76 -10.8538
15.8 -10.8794
15.84 -10.905
15.88 -10.9305
15.92 -10.9561
15.96 -10.9817
16 -11.0072
16.04 -11.0327
16.08 -11.0583
16.12 -11.0838
16.16 -11.1093
16.2 -11.1348
16.24 -11.1603
16.28 -11.1858
16.32 -11.2112
16.36 -11.2367
16.4 -11.2622
16.44 -11.2876
16.48 -11.313
16.52 -11.3385
16.56 -11.3639
16.6 -11.3893
16.64 -11.4147
16.68 -11.4401
16.72 -11.4655
16.76 -11.4908
16.8 -11.5162
16.84 -11.5415
16.88 -11.5669
16.92 -11.5922
16.96 -11.6175
17 -11.6429
17.04 -11.6682
17.08 -11.6935
17.12 -11.7188
17.16 -11.744
17.2 -11.7693
17.24 -11.7946
17.28 -11.8198
17.32 -11.8451
17.36 -11.8703
17.4 -11.8955
17.44 -11.9208
17.48 -11.946
17.52 -11.9712
17.56 -11.9964
17.6 -12.0216
17.64 -12.0467
17.68 -12.0719
17.72 -12.0971
17.76 -12.1222
17.8 -12.1473
17.84 -12.1725
17.88 -12.1976
17.92 -12.2227
17.96 -12.2478
18 -12.2729
18.04 -12.298
18.08 -12.3231
18.12 -12.3482
18.16 -12.3732
18.2 -12.3983
18.24 -12.4233
18.28 -12.4484
18.32 -12.4734
18.36 -12.4984
18.4 -12.5235
18.44 -12.5485
18.48 -12.5735
18.52 -12.5984
18.56 -12.6234
18.6 -12.6484
18.64 -12.6734
18.68 -12.6983
18.72 -12.7233
18.76 -12.7482
18.8 -12.7731
18.84 -12.7981
18.88 -12.823
18.92 -12.8479
18.96 -12.8728
19 -12.8977
19.04 -12.9226
19.08 -12.9474
19.12 -12.9723
19.16 -12.9972
19.2 -13.022
19.24 -13.0469
19.28 -13.0717
19.32 -13.0965
19.36 -13.1213
19.4 -13.1461
19.44 -13.1709
19.48 -13.1957
19.52 -13.2205
19.56 -13.2453
19.6 -13.2701
19.64 -13.2948
19.68 -13.3196
19.72 -13.3443
19.76 -13.3691
19.8 -13.3938
19.84 -13.4185
19.88 -13.4432
19.92 -13.4679
19.96 -13.4926
20 -13.5173
20.04 -13.542
20.08 -13.5667
20.12 -13.5913
20.16 -13.616
20.2 -13.6406
20.24 -13.6653
20.28 -13.6899
20.32 -13.7145
20.36 -13.7392
20.4 -13.7638
20.44 -13.7884
20.48 -13.813
20.52 -13.8376
20.56 -13.8621
20.6 -13.8867
20.64 -13.9113
20.68 -13.9358
20.72 -13.9604
20.76 -13.9849
20.8 -14.0094
20.84 -14.034
20.88 -14.0585
20.92 -14.083
20.96 -14.1075
21 -14.132
21.04 -14.1565
21.08 -14.1809
21.12 -14.2054
21.16 -14.2299
21.2 -14.2543
21.24 -14.2788
21.28 -14.3032
21.32 -14.3276
21.36 -14.352
21.4 -14.3765
21.44 -14.4009
21.48 -14.4253
21.52 -14.4497
21.56 -14.474
21.6 -14.4984
21.64 -14.5228
21.68 -14.5471
21.72 -14.5715
21.76 -14.5958
21.8 -14.6202
21.84 -14.6445
21.88 -14.6688
21.92 -14.6931
21.96 -14.7174
22 -14.7417
22.04 -14.766
22.08 -14.7903
22.12 -14.8146
22.16 -14.8388
22.2 -14.8631
22.24 -14.8873
22.28 -14.9116
22.32 -14.9358
22.36 -14.96
22.4 -14.9842
22.44 -15.0084
22.48 -15.0326
22.52 -15.0568
22.56 -15.081
22.6 -15.1052
22.64 -15.1294
22.68 -15.1535
22.72 -15.1777
22.76 -15.2018
22.8 -15.226
22.84 -15.2501
22.88 -15.2742
22.92 -15.2983
22.96 -15.3224
23 -15.3465
23.04 -15.3706
23.08 -15.3947
23.12 -15.4188
23.16 -15.4428
23.2 -15.4669
23.24 -15.4909
23.28 -15.515
23.32 -15.539
23.36 -15.563
23.4 -15.5871
23.44 -15.6111
23.48 -15.6351
23.52 -15.6591
23.56 -15.6831
23.6 -15.707
23.64 -15.731
23.68 -15.755
23.72 -15.7789
23.76 -15.8029
23.8 -15.8268
23.84 -15.8507
23.88 -15.8747
23.92 -15.8986
23.96 -15.9225
24 -15.9464
24.04 -15.9703
24.08 -15.9941
24.12 -16.018
24.16 -16.0419
24.2 -16.0657
24.24 -16.0896
24.28 -16.1134
24.32 -16.1373
24.36 -16.1611
24.4 -16.1849
24.44 -16.2087
24.48 -16.2325
24.52 -16.2563
24.56 -16.2801
24.6 -16.3039
24.64 -16.3276
24.68 -16.3514
24.72 -16.3751
24.76 -16.3989
24.8 -16.4226
24.84 -16.4463
24.88 -16.47
24.92 -16.4938
24.96 -16.5175
25 -16.5411
25.04 -16.5648
25.08 -16.5885
25.12 -16.6122
25.16 -16.6358
25.2 -16.6595
25.24 -16.6831
25.28 -16.7068
25.32 -16.7304
25.36 -16.754
25.4 -16.7776
25.44 -16.8012
25.48 -16.8248
25.52 -16.8484
25.56 -16.872
25.6 -16.8955
25.64 -16.9191
25.68 -16.9427
25.72 -16.9662
25.76 -16.9897
25.8 -17.0133
25.84 -17.0368
25.88 -17.0603
25.92 -17.0838
25.96 -17.1073
26 -17.1308
26.04 -17.1542
26.08 -17.1777
26.12 -17.2012
26.16 -17.2246
26.2 -17.248
26.24 -17.2715
26.28 -17.2949
26.32 -17.3183
26.36 -17.3417
26.4 -17.3651
26.44 -17.3885
26.48 -17.4119
26.52 -17.4353
26.56 -17.4586
26.6 -17.482
26.64 -17.5053
26.68 -17.5287
26.72 -17.552
26.76 -17.5753
26.8 -17.5986
26.84 -17.6219
26.88 -17.6452
26.92 -17.6685
26.96 -17.6918
27 -17.7151
27.04 -17.7383
27.08 -17.7616
27.12 -17.7848
27.16 -17.8081
27.2 -17.8313
27.24 -17.8545
27.28 -17.8777
27.32 -17.9009
27.36 -17.9241
27.4 -17.9473
27.44 -17.9705
27.48 -17.9936
27.52 -18.0168
27.56 -18.0399
27.6 -18.0631
27.64 -18.0862
27.68 -18.1093
27.72 -18.1324
27.76 -18.1555
27.8 -18.1786
27.84 -18.2017
27.88 -18.2248
27.92 -18.2478
27.96 -18.2709
28 -18.294
28.04 -18.317
28.08 -18.34
28.12 -18.363
28.16 -18.3861
28.2 -18.4091
28.24 -18.4321
28.28 -18.4551
28.32 -18.478
28.36 -18.501
28.4 -18.524
28.44 -18.5469
28.48 -18.5699
28.52 -18.5928
28.56 -18.6157
28.6 -18.6386
28.64 -18.6615
28.68 -18.6844
28.72 -18.7073
28.76 -18.7302
28.8 -18.7531
28.84 -18.7759
28.88 -18.7988
28.92 -18.8216
28.96 -18.8445
29 -18.8673
29.04 -18.8901
29.08 -18.9129
29.12 -18.9357
29.16 -18.9585
29.2 -18.9813
29.24 -19.004
29.28 -19.0268
29.32 -19.0496
29.36 -19.0723
29.4 -19.095
29.44 -19.1178
29.48 -19.1405
29.52 -19.1632
29.56 -19.1859
29.6 -19.2086
29.64 -19.2312
29.68 -19.2539
29.72 -19.2766
29.76 -19.2992
29.8 -19.3219
29.84 -19.3445
29.88 -19.3671
29.92 -19.3897
29.96 -19.4123
30 -19.4349
30.04 -19.4575
30.08 -19.4801
30.12 -19.5027
30.16 -19.5252
30.2 -19.5478
30.24 -19.5703
30.28 -19.5929
30.32 -19.6154
30.36 -19.6379
30.4 -19.6604
30.44 -19.6829
30.48 -19.7054
30.52 -19.7279
30.56 -19.7503
30.6 -19.7728
30.64 -19.7952
30.68 -19.8177
30.72 -19.8401
30.76 -19.8625
30.8 -19.8849
30.84 -19.9073
30.88 -19.9297
30.92 -19.9521
30.96 -19.9745
31 -19.9968
31.04 -20.0192
31.08 -20.0415
31.12 -20.0639
31.16 -20.0862
31.2 -20.1085
31.24 -20.1308
31.28 -20.1531
31.32 -20.1754
31.36 -20.1977
31.4 -20.2199
31.44 -20.2422
31.48 -20.2645
31.52 -20.2867
31.56 -20.3089
31.6 -20.3312
31.64 -20.3534
31.68 -20.3756
31.72 -20.3978
31.76 -20.42
31.8 -20.4421
31.84 -20.4643
31.88 -20.4864
31.92 -20.5086
31.96 -20.5307
32 -20.5529
32.04 -20.575
32.08 -20.5971
32.12 -20.6192
32.16 -20.6413
32.2 -20.6634
32.24 -20.6854
32.28 -20.7075
32.32 -20.7295
32.36 -20.7516
32.4 -20.7736
32.44 -20.7956
32.48 -20.8177
32.52 -20.8397
32.56 -20.8617
32.6 -20.8836
32.64 -20.9056
32.68 -20.9276
32.72 -20.9495
32.76 -20.9715
32.8 -20.9934
32.84 -21.0153
32.88 -21.0373
32.92 -21.0592
32.96 -21.0811
33 -21.103
33.04 -21.1248
33.08 -21.1467
33.12 -21.1686
33.16 -21.1904
33.2 -21.2123
33.24 -21.2341
33.28 -21.2559
33.32 -21.2777
33.36 -21.2995
33.4 -21.3213
33.44 -21.3431
33.48 -21.3649
33.52 -21.3867
33.56 -21.4084
33.6 -21.4302
33.64 -21.4519
33.68 -21.4736
33.72 -21.4953
33.76 -21.5171
33.8 -21.5388
33.84 -21.5604
33.88 -21.5821
33.92 -21.6038
33.96 -21.6255
34 -21.6471
34.04 -21.6687
34.08 -21.6904
34.12 -21.712
34.16 -21.7336
34.2 -21.7552
34.24 -21.7768
34.28 -21.7984
34.32 -21.82
34.36 -21.8415
34.4 -21.8631
34.44 -21.8846
34.48 -21.9062
34.52 -21.9277
34.56 -21.9492
34.6 -21.9707
34.64 -21.9922
34.68 -22.0137
34.72 -22.0352
34.76 -22.0566
34.8 -22.0781
34.84 -22.0996
34.88 -22.121
34.92 -22.1424
34.96 -22.1638
35 -22.1853
35.04 -22.2067
35.08 -22.228
35.12 -22.2494
35.16 -22.2708
35.2 -22.2922
35.24 -22.3135
35.28 -22.3349
35.32 -22.3562
35.36 -22.3775
35.4 -22.3988
35.44 -22.4201
35.48 -22.4414
35.52 -22.4627
35.56 -22.484
35.6 -22.5053
35.64 -22.5265
35.68 -22.5478
35.72 -22.569
35.76 -22.5902
35.8 -22.6115
35.84 -22.6327
35.88 -22.6539
35.92 -22.6751
35.96 -22.6963
36 -22.7174
36.04 -22.7386
36.08 -22.7597
36.12 -22.7809
36.16 -22.802
36.2 -22.8231
36.24 -22.8443
36.28 -22.8654
36.32 -22.8865
36.36 -22.9075
36.4 -22.9286
36.44 -22.9497
36.48 -22.9707
36.52 -22.9918
36.56 -23.0128
36.6 -23.0339
36.64 -23.0549
36.68 -23.0759
36.72 -23.0969
36.76 -23.1179
36.8 -23.1389
36.84 -23.1598
36.88 -23.1808
36.92 -23.2018
36.96 -23.2227
37 -23.2436
37.04 -23.2646
37.08 -23.2855
37.12 -23.3064
37.16 -23.3273
37.2 -23.3482
37.24 -23.369
37.28 -23.3899
37.32 -23.4108
37.36 -23.4316
37.4 -23.4525
37.44 -23.4733
37.48 -23.4941
37.52 -23.5149
37.56 -23.5357
37.6 -23.5565
37.64 -23.5773
37.68 -23.5981
37.72 -23.6188
37.76 -23.6396
37.8 -23.6603
37.84 -23.6811
37.88 -23.7018
37.92 -23.7225
37.96 -23.7432
38 -23.7639
38.04 -23.7846
38.08 -23.8053
38.12 -23.826
38.16 -23.8466
38.2 -23.8673
38.24 -23.8879
38.28 -23.9086
38.32 -23.9292
38.36 -23.9498
38.4 -23.9704
38.44 -23.991
38.48 -24.0116
38.52 -24.0322
38.56 -24.0527
38.6 -24.0733
38.64 -24.0938
38.68 -24.1144
38.72 -24.1349
38.76 -24.1554
38.8 -24.1759
38.84 -24.1964
38.88 -24.2169
38.92 -24.2374
38.96 -24.2579
39 -24.2784
39.04 -24.2988
39.08 -24.3193
39.12 -24.3397
39.16 -24.3601
39.2 -24.3806
39.24 -24.401
39.28 -24.4214
39.32 -24.4418
39.36 -24.4621
39.4 -24.4825
39.44 -24.5029
39.48 -24.5232
39.52 -24.5436
39.56 -24.5639
39.6 -24.5843
39.64 -24.6046
39.68 -24.6249
39.72 -24.6452
39.76 -24.6655
39.8 -24.6858
39.84 -24.706
39.88 -24.7263
39.92 -24.7466
39.96 -24.7668
40 -24.787
40.04 -24.8073
40.08 -24.8275
40.12 -24.8477
40.16 -24.8679
40.2 -24.8881
40.24 -24.9083
40.28 -24.9284
40.32 -24.9486
40.36 -24.9688
40.4 -24.9889
40.44 -25.0091
40.48 -25.0292
40.52 -25.0493
40.56 -25.0694
40.6 -25.0895
40.64 -25.1096
40.68 -25.1297
40.72 -25.1498
40.76 -25.1698
40.8 -25.1899
40.84 -25.2099
40.88 -25.23
40.92 -25.25
40.96 -25.27
41 -25.29
41.04 -25.3101
41.08 -25.33
41.12 -25.35
41.16 -25.37
41.2 -25.39
41.24 -25.4099
41.28 -25.4299
41.32 -25.4498
41.36 -25.4698
41.4 -25.4897
41.44 -25.5096
41.48 -25.5295
41.52 -25.5494
41.56 -25.5693
41.6 -25.5892
41.64 -25.6091
41.68 -25.6289
41.72 -25.6488
41.76 -25.6686
41.8 -25.6885
41.84 -25.7083
41.88 -25.7281
41.92 -25.7479
41.96 -25.7677
42 -25.7875
42.04 -25.8073
42.08 -25.8271
42.12 -25.8468
42.16 -25.8666
42.2 -25.8863
42.24 -25.9061
42.28 -25.9258
42.32 -25.9455
42.36 -25.9653
42.4 -25.985
42.44 -26.0047
42.48 -26.0244
42.52 -26.044
42.56 -26.0637
42.6 -26.0834
42.64 -26.103
42.68 -26.1227
42.72 -26.1423
42.76 -26.1619
42.8 -26.1816
42.84 -26.2012
42.88 -26.2208
42.92 -26.2404
42.96 -26.26
43 -26.2795
43.04 -26.2991
43.08 -26.3187
43.12 -26.3382
43.16 -26.3578
43.2 -26.3773
43.24 -26.3968
43.28 -26.4164
43.32 -26.4359
43.36 -26.4554
43.4 -26.4749
43.44 -26.4944
43.48 -26.5138
43.52 -26.5333
43.56 -26.5528
43.6 -26.5722
43.64 -26.5917
43.68 -26.6111
43.72 -26.6305
43.76 -26.65
43.8 -26.6694
43.84 -26.6888
43.88 -26.7082
43.92 -26.7276
43.96 -26.7469
44 -26.7663
44.04 -26.7857
44.08 -26.805
44.12 -26.8244
44.16 -26.8437
44.2 -26.863
44.24 -26.8824
44.28 -26.9017
44.32 -26.921
44.36 -26.9403
44.4 -26.9596
44.44 -26.9789
44.48 -26.9981
44.52 -27.0174
44.56 -27.0366
44.6 -27.0559
44.64 -27.0751
44.68 -27.0944
44.72 -27.1136
44.76 -27.1328
44.8 -27.152
44.84 -27.1712
44.88 -27.1904
44.92 -27.2096
44.96 -27.2288
45 -27.2479
45.04 -27.2671
45.08 -27.2863
45.12 -27.3054
45.16 -27.3245
45.2 -27.3437
45.24 -27.3628
45.28 -27.3819
45.32 -27.401
45.36 -27.4201
45.4 -27.4392
45.44 -27.4583
45.48 -27.4774
45.52 -27.4964
45.56 -27.5155
45.6 -27.5345
45.64 -27.5536
45.68 -27.5726
45.72 -27.5916
45.76 -27.6107
45.8 -27.6297
45.84 -27.6487
45.88 -27.6677
45.92 -27.6867
45.96 -27.7056
46 -27.7246
46.04 -27.7436
46.08 -27.7625
46.12 -27.7815
46.16 -27.8004
46.2 -27.8194
46.24 -27.8383
46.28 -27.8572
46.32 -27.8761
46.36 -27.895
46.4 -27.9139
46.44 -27.9328
46.48 -27.9517
46.52 -27.9706
46.56 -27.9895
46.6 -28.0083
46.64 -28.0272
46.68 -28.046
46.72 -28.0649
46.76 -28.0837
46.8 -28.1025
46.84 -28.1213
46.88 -28.1401
46.92 -28.1589
46.96 -28.1777
47 -28.1965
47.04 -28.2153
47.08 -28.2341
47.12 -28.2528
47.16 -28.2716
47.2 -28.2903
47.24 -28.3091
47.28 -28.3278
47.32 -28.3465
47.36 -28.3652
47.4 -28.384
47.44 -28.4027
47.48 -28.4214
47.52 -28.44
47.56 -28.4587
47.6 -28.4774
47.64 -28.4961
47.68 -28.5147
47.72 -28.5334
47.76 -28.552
47.8 -28.5707
47.84 -28.5893
47.88 -28.6079
47.92 -28.6266
47.96 -28.6452
48 -28.6638
48.04 -28.6824
48.08 -28.701
48.12 -28.7195
48.16 -28.7381
48.2 -28.7567
48.24 -28.7753
48.28 -28.7938
48.32 -28.8124
48.36 -28.8309
48.4 -28.8494
48.44 -28.868
48.48 -28.8865
48.52 -28.905
48.56 -28.9235
48.6 -28.942
48.64 -28.9605
48.68 -28.979
48.72 -28.9975
48.76 -29.0159
48.8 -29.0344
48.84 -29.0528
48.88 -29.0713
48.92 -29.0897
48.96 -29.1082
49 -29.1266
49.04 -29.145
49.08 -29.1634
49.12 -29.1819
49.16 -29.2003
49.2 -29.2187
49.24 -29.2371
49.28 -29.2554
49.32 -29.2738
49.36 -29.2922
49.4 -29.3105
49.44 -29.3289
49.48 -29.3472
49.52 -29.3656
49.56 -29.3839
49.6 -29.4023
49.64 -29.4206
49.68 -29.4389
49.72 -29.4572
49.76 -29.4755
49.8 -29.4938
49.84 -29.5121
49.88 -29.5304
49.92 -29.5487
49.96 -29.5669
50 -29.5852
50.04 -29.6035
50.08 -29.6217
50.12 -29.64
50.16 -29.6582
50.2 -29.6764
50.24 -29.6946
50.28 -29.7129
50.32 -29.7311
50.36 -29.7493
50.4 -29.7675
50.44 -29.7857
50.48 -29.8039
50.52 -29.822
50.56 -29.8402
50.6 -29.8584
50.64 -29.8766
50.68 -29.8947
50.72 -29.9129
50.76 -29.931
50.8 -29.9491
50.84 -29.9673
50.88 -29.9854
50.92 -30.0035
50.96 -30.0216
51 -30.0397
51.04 -30.0578
51.08 -30.0759
51.12 -30.094
51.16 -30.1121
51.2 -30.1302
51.24 -30.1482
51.28 -30.1663
51.32 -30.1843
51.36 -30.2024
51.4 -30.2204
51.44 -30.2385
51.48 -30.2565
51.52 -30.2745
51.56 -30.2926
51.6 -30.3106
51.64 -30.3286
51.68 -30.3466
51.72 -30.3646
51.76 -30.3826
51.8 -30.4006
51.84 -30.4185
51.88 -30.4365
51.92 -30.4545
51.96 -30.4724
52 -30.4904
52.04 -30.5083
52.08 -30.5263
52.12 -30.5442
52.16 -30.5621
52.2 -30.5801
52.24 -30.598
52.28 -30.6159
52.32 -30.6338
52.36 -30.6517
52.4 -30.6696
52.44 -30.6875
52.48 -30.7054
52.52 -30.7233
52.56 -30.7411
52.6 -30.759
52.64 -30.7769
52.68 -30.7947
52.72 -30.8126
52.76 -30.8304
52.8 -30.8483
52.84 -30.8661
52.88 -30.8839
52.92 -30.9017
52.96 -30.9196
53 -30.9374
53.04 -30.9552
53.08 -30.973
53.12 -30.9908
53.16 -31.0086
53.2 -31.0263
53.24 -31.0441
53.28 -31.0619
53.32 -31.0797
53.36 -31.0974
53.4 -31.1152
53.44 -31.1329
53.48 -31.1507
53.52 -31.1684
53.56 -31.1861
53.6 -31.2039
53.64 -31.2216
53.68 -31.2393
53.72 -31.257
53.76 -31.2747
53.8 -31.2924
53.84 -31.3101
53.88 -31.3278
53.92 -31.3455
53.96 -31.3632
54 -31.3809
54.04 -31.3985
54.08 -31.4162
54.12 -31.4339
54.16 -31.4515
54.2 -31.4692
54.24 -31.4868
54.28 -31.5045
54.32 -31.5221
54.36 -31.5397
54.4 -31.5573
54.44 -31.575
54.48 -31.5926
54.52 -31.6102
54.56 -31.6278
54.6 -31.6454
54.64 -31.663
54.68 -31.6806
54.72 -31.6981
54.76 -31.7157
54.8 -31.7333
54.84 -31.7509
54.88 -31.7684
54.92 -31.786
54.96 -31.8035
55 -31.8211
55.04 -31.8386
55.08 -31.8562
55.12 -31.8737
55.16 -31.8912
55.2 -31.9087
55.24 -31.9263
55.28 -31.9438
55.32 -31.9613
55.36 -31.9788
55.4 -31.9963
55.44 -32.0138
55.48 -32.0313
55.52 -32.0487
55.56 -32.0662
55.6 -32.0837
55.64 -32.1012
55.68 -32.1186
55.72 -32.1361
55.76 -32.1536
55.8 -32.171
55.84 -32.1884
55.88 -32.2059
55.92 -32.2233
55.96 -32.2408
56 -32.2582
56.04 -32.2756
56.08 -32.293
56.12 -32.3104
56.16 -32.3278
56.2 -32.3453
56.24 -32.3626
56.28 -32.38
56.32 -32.3974
56.36 -32.4148
56.4 -32.4322
56.44 -32.4496
56.48 -32.4669
56.52 -32.4843
56.56 -32.5017
56.6 -32.519
56.64 -32.5364
56.68 -32.5537
56.72 -32.5711
56.76 -32.5884
56.8 -32.6058
56.84 -32.6231
56.88 -32.6404
56.92 -32.6577
56.96 -32.6751
57 -32.6924
57.04 -32.7097
57.08 -32.727
57.12 -32.7443
57.16 -32.7616
57.2 -32.7789
57.24 -32.7962
57.28 -32.8135
57.32 -32.8307
57.36 -32.848
57.4 -32.8653
57.44 -32.8825
57.48 -32.8998
57.52 -32.9171
57.56 -32.9343
57.6 -32.9516
57.64 -32.9688
57.68 -32.9861
57.72 -33.0033
57.76 -33.0205
57.8 -33.0378
57.84 -33.055
57.88 -33.0722
57.92 -33.0894
57.96 -33.1066
58 -33.1238
58.04 -33.141
58.08 -33.1582
58.12 -33.1754
58.16 -33.1926
58.2 -33.2098
58.24 -33.227
58.28 -33.2442
58.32 -33.2614
58.36 -33.2785
58.4 -33.2957
58.44 -33.3129
58.48 -33.33
58.52 -33.3472
58.56 -33.3643
58.6 -33.3815
58.64 -33.3986
58.68 -33.4158
58.72 -33.4329
58.76 -33.45
58.8 -33.4672
58.84 -33.4843
58.88 -33.5014
58.92 -33.5185
58.96 -33.5357
59 -33.5528
59.04 -33.5699
59.08 -33.587
59.12 -33.6041
59.16 -33.6212
59.2 -33.6383
59.24 -33.6554
59.28 -33.6724
59.32 -33.6895
59.36 -33.7066
59.4 -33.7237
59.44 -33.7407
59.48 -33.7578
59.52 -33.7749
59.56 -33.7919
59.6 -33.809
59.64 -33.826
59.68 -33.8431
59.72 -33.8601
59.76 -33.8772
59.8 -33.8942
59.84 -33.9112
59.88 -33.9283
59.92 -33.9453
59.96 -33.9623
60 -33.9793
__settings__ -1 9 2 0 1 1
G(1,2) [mSie]
0.04 -0.0293611
0.08 -0.0531775
0.12 -0.0892964
0.16 -0.133589
0.2 -0.182033
0.24 -0.231403
0.28 -0.279499
0.32 -0.325056
0.36 -0.367515
0.4 -0.406787
0.44 -0.443052
0.48 -0.47663
0.52 -0.507889
0.56 -0.537199
0.6 -0.564905
0.64 -0.591316
0.68 -0.616699
0.72 -0.641285
0.76 -0.665266
0.8 -0.688806
0.84 -0.712041
0.88 -0.735083
0.92 -0.758023
0.96 -0.78094
1 -0.803894
1.04 -0.826937
1.08 -0.850108
1.12 -0.873441
1.16 -0.896961
1.2 -0.920686
1.24 -0.944633
1.28 -0.968811
1.32 -0.993227
1.36 -1.01789
1.4 -1.04279
1.44 -1.06793
1.48 -1.09332
1.52 -1.11895
1.56 -1.14481
1.6 -1.17089
1.64 -1.1972
1.68 -1.22372
1.72 -1.25044
1.76 -1.27736
1.8 -1.30448
1.84 -1.33177
1.88 -1.35923
1.92 -1.38686
1.96 -1.41464
2 -1.44257
2.04 -1.47064
2.08 -1.49883
2.12 -1.52715
2.16 -1.55558
2.2 -1.58411
2.24 -1.61274
2.28 -1.64146
2.32 -1.67026
2.36 -1.69914
2.4 -1.72809
2.44 -1.7571
2.48 -1.78616
2.52 -1.81528
2.56 -1.84444
2.6 -1.87364
2.64 -1.90287
2.68 -1.93213
2.72 -1.96142
2.76 -1.99073
2.8 -2.02006
2.84 -2.04939
2.88 -2.07874
2.92 -2.10809
2.96 -2.13745
3 -2.1668
3.04 -2.19615
3.08 -2.22549
3.12 -2.25483
3.16 -2.28415
3.2 -2.31346
3.24 -2.34276
3.28 -2.37204
3.32 -2.40131
3.36 -2.43055
3.4 -2.45977
3.44 -2.48897
3.48 -2.51815
3.52 -2.5473
3.56 -2.57643
3.6 -2.60554
3.64 -2.63462
3.68 -2.66367
3.72 -2.69269
3.76 -2.72169
3.8 -2.75066
3.84 -2.7796
3.88 -2.80851
3.92 -2.83739
3.96 -2.86625
4 -2.89508
4.04 -2.92388
4.08 -2.95265
4.12 -2.98139
4.16 -3.01011
4.2 -3.0388
4.24 -3.06746
4.28 -3.0961
4.32 -3.1247
4.36 -3.15328
4.4 -3.18184
4.44 -3.21037
4.48 -3.23888
4.52 -3.26736
4.56 -3.29581
4.6 -3.32424
4.64 -3.35265
4.68 -3.38104
4.72 -3.4094
4.76 -3.43774
4.8 -3.46606
4.84 -3.49436
4.88 -3.52264
4.92 -3.55089
4.96 -3.57913
5 -3.60735
5.04 -3.63555
5.08 -3.66373
5.12 -3.69189
5.16 -3.72004
5.2 -3.74817
5.24 -3.77628
5.28 -3.80438
5.32 -3.83246
5.36 -3.86052
5.4 -3.88857
5.44 -3.91661
5.48 -3.94463
5.52 -3.97263
5.56 -4.00063
5.6 -4.02861
5.64 -4.05658
5.68 -4.08453
5.72 -4.11248
5.76 -4.14041
5.8 -4.16833
5.84 -4.19624
5.88 -4.22414
5.92 -4.25203
5.96 -4.27991
6 -4.30777
6.04 -4.33563
6.08 -4.36348
6.12 -4.39132
6.16 -4.41915
6.2 -4.44698
6.24 -4.47479
6.28 -4.50259
6.32 -4.53039
6.36 -4.55818
6.4 -4.58596
6.44 -4.61373
6.48 -4.6415
6.52 -4.66926
6.56 -4.69701
6.6 -4.72475
6.64 -4.75249
6.68 -4.78022
6.72 -4.80794
6.76 -4.83566
6.8 -4.86337
6.84 -4.89107
6.88 -4.91877
6.92 -4.94646
6.96 -4.97414
7 -5.00182
7.04 -5.02949
7.08 -5.05715
7.12 -5.08481
7.16 -5.11247
7.2 -5.14011
7.24 -5.16775
7.28 -5.19539
7.32 -5.22302
7.36 -5.25064
7.4 -5.27825
7.44 -5.30587
7.48 -5.33347
7.52 -5.36107
7.56 -5.38866
7.6 -5.41625
7.64 -5.44383
7.68 -5.4714
7.72 -5.49897
7.76 -5.52653
7.8 -5.55409
7.84 -5.58164
7.88 -5.60918
7.92 -5.63672
7.96 -5.66425
8 -5.69177
8.04 -5.71929
8.08 -5.7468
8.12 -5.77431
8.16 -5.8018
8.2 -5.8293
8.24 -5.85678
8.28 -5.88426
8.32 -5.91173
8.36 -5.9392
8.4 -5.96665
8.44 -5.9941
8.48 -6.02155
8.52 -6.04898
8.56 -6.07641
8.6 -6.10383
8.64 -6.13125
8.68 -6.15866
8.72 -6.18606
8.76 -6.21345
8.8 -6.24083
8.84 -6.26821
8.88 -6.29558
8.92 -6.32294
8.96 -6.3503
9 -6.37764
9.04 -6.40498
9.08 -6.43231
9.12 -6.45963
9.16 -6.48695
9.2 -6.51425
9.24 -6.54155
9.28 -6.56884
9.32 -6.59612
9.36 -6.62339
9.4 -6.65065
9.44 -6.67791
9.48 -6.70515
9.52 -6.73239
9.56 -6.75962
9.6 -6.78684
9.64 -6.81405
9.68 -6.84125
9.72 -6.86844
9.76 -6.89562
9.8 -6.9228
9.84 -6.94996
9.88 -6.97712
9.92 -7.00426
9.96 -7.0314
10 -7.05852
10.04 -7.08564
10.08 -7.11275
10.12 -7.13985
10.16 -7.16693
10.2 -7.19401
10.24 -7.22108
10.28 -7.24814
10.32 -7.27519
10.36 -7.30223
10.4 -7.32925
10.44 -7.35627
10.48 -7.38328
10.52 -7.41028
10.56 -7.43727
10.6 -7.46425
10.64 -7.49121
10.68 -7.51817
10.72 -7.54512
10.76 -7.57205
10.8 -7.59898
10.84 -7.62589
10.88 -7.6528
10.92 -7.67969
10.96 -7.70658
11 -7.73345
11.04 -7.76031
11.08 -7.78716
11.12 -7.81401
11.16 -7.84084
11.2 -7.86766
11.24 -7.89447
11.28 -7.92126
11.32 -7.94805
11.36 -7.97483
11.4 -8.00159
11.44 -8.02835
11.48 -8.05509
11.52 -8.08182
11.56 -8.10855
11.6 -8.13526
11.64 -8.16196
11.68 -8.18865
11.72 -8.21532
11.76 -8.24199
11.8 -8.26865
11.84 -8.29529
11.88 -8.32193
11.92 -8.34855
11.96 -8.37516
12 -8.40176
12.04 -8.42835
12.08 -8.45493
12.12 -8.4815
12.16 -8.50805
12.2 -8.5346
12.24 -8.56113
12.28 -8.58766
12.32 -8.61417
12.36 -8.64067
12.4 -8.66716
12.44 -8.69364
12.48 -8.7201
12.52 -8.74656
12.56 -8.773
12.6 -8.79944
12.64 -8.82586
12.68 -8.85227
12.72 -8.87867
12.76 -8.90506
12.8 -8.93144
12.84 -8.95781
12.88 -8.98417
12.92 -9.01051
12.96 -9.03685
13 -9.06317
13.04 -9.08948
13.08 -9.11578
13.12 -9.14208
13.16 -9.16835
13.2 -9.19462
13.24 -9.22088
13.28 -9.24713
13.32 -9.27336
13.36 -9.29959
13.4 -9.3258
13.44 -9.352
13.48 -9.3782
13.52 -9.40438
13.56 -9.43055
13.6 -9.45671
13.64 -9.48285
13.68 -9.50899
13.72 -9.53512
13.76 -9.56124
13.8 -9.58734
13.84 -9.61344
13.88 -9.63952
13.92 -9.66559
13.96 -9.69166
14 -9.71771
14.04 -9.74375
14.08 -9.76978
14.12 -9.7958
14.16 -9.82181
14.2 -9.84781
14.24 -9.8738
14.28 -9.89977
14.32 -9.92574
14.36 -9.9517
14.4 -9.97765
14.44 -10.0036
14.48 -10.0295
14.52 -10.0554
14.56 -10.0813
14.6 -10.1072
14.64 -10.1331
14.68 -10.159
14.72 -10.1848
14.76 -10.2107
14.8 -10.2365
14.84 -10.2624
14.88 -10.2882
14.92 -10.314
14.96 -10.3398
15 -10.3656
15.04 -10.3914
15.08 -10.4172
15.12 -10.4429
15.16 -10.4687
15.2 -10.4944
15.24 -10.5201
15.28 -10.5459
15.32 -10.5716
15.36 -10.5973
15.4 -10.623
15.44 -10.6487
15.48 -10.6743
15.52 -10.7
15.56 -10.7257
15.6 -10.7513
15.64 -10.7769
15.68 -10.8026
15.72 -10.8282
15.76 -10.8538
15.8 -10.8794
15.84 -10.905
15.88 -10.9305
15.92 -10.9561
15.96 -10.9817
16 -11.0072
16.04 -11.0327
16.08 -11.0583
16.12 -11.0838
16.16 -11.1093
16.2 -11.1348
16.24 -11.1603
16.28 -11.1858
16.32 -11.2112
16.36 -11.2367
16.4 -11.2622
16.44 -11.2876
16.48 -11.313
16.52 -11.3385
16.56 -11.3639
16.6 -11.3893
16.64 -11.4147
16.68 -11.4401
16.72 -11.4655
16.76 -11.4908
16.8 -11.5162
16.84 -11.5415
16.88 -11.5669
16.92 -11.5922
16.96 -11.6175
17 -11.6429
17.04 -11.6682
17.08 -11.6935
17.12 -11.7188
17.16 -11.744
17.2 -11.7693
17.24 -11.7946
17.28 -11.8198
17.32 -11.8451
17.36 -11.8703
17.4 -11.8955
17.44 -11.9208
17.48 -11.946
17.52 -11.9712
17.56 -11.9964
17.6 -12.0216
17.64 -12.0467
17.68 -12.0719
17.72 -12.0971
17.76 -12.1222
17.8 -12.1473
17.84 -12.1725
17.88 -12.1976
17.92 -12.2227
17.96 -12.2478
18 -12.2729
18.04 -12.298
18.08 -12.3231
18.12 -12.3482
18.16 -12.3732
18.2 -12.3983
18.24 -12.4233
18.28 -12.4484
18.32 -12.4734
18.36 -12.4984
18.4 -12.5235
18.44 -12.5485
18.48 -12.5735
18.52 -12.5984
18.56 -12.6234
18.6 -12.6484
18.64 -12.6734
18.68 -12.6983
18.72 -12.7233
18.76 -12.7482
18.8 -12.7731
18.84 -12.7981
18.88 -12.823
18.92 -12.8479
18.96 -12.8728
19 -12.8977
19.04 -12.9226
19.08 -12.9474
19.12 -12.9723
19.16 -12.9972
19.2 -13.022
19.24 -13.0469
19.28 -13.0717
19.32 -13.0965
19.36 -13.1213
19.4 -13.1461
19.44 -13.1709
19.48 -13.1957
19.52 -13.2205
19.56 -13.2453
19.6 -13.2701
19.64 -13.2948
19.68 -13.3196
19.72 -13.3443
19.76 -13.3691
19.8 -13.3938
19.84 -13.4185
19.88 -13.4432
19.92 -13.4679
19.96 -13.4926
20 -13.5173
20.04 -13.542
20.08 -13.5667
20.12 -13.5913
20.16 -13.616
20.2 -13.6406
20.24 -13.6653
20.28 -13.6899
20.32 -13.7145
20.36 -13.7392
20.4 -13.7638
20.44 -13.7884
20.48 -13.813
20.52 -13.8376
20.56 -13.8621
20.6 -13.8867
20.64 -13.9113
20.68 -13.9358
20.72 -13.9604
20.76 -13.9849
20.8 -14.0094
20.84 -14.034
20.88 -14.0585
20.92 -14.083
20.96 -14.1075
21 -14.132
21.04 -14.1565
21.08 -14.1809
21.12 -14.2054
21.16 -14.2299
21.2 -14.2543
21.24 -14.2788
21.28 -14.3032
21.32 -14.3276
21.36 -14.352
21.4 -14.3765
21.44 -14.4009
21.48 -14.4253
21.52 -14.4497
21.56 -14.474
21.6 -14.4984
21.64 -14.5228
21.68 -14.5471
21.72 -14.5715
21.76 -14.5958
21.8 -14.6202
21.84 -14.6445
21.88 -14.6688
21.92 -14.6931
21.96 -14.7174
22 -14.7417
22.04 -14.766
22.08 -14.7903
22.12 -14.8146
22.16 -14.8388
22.2 -14.8631
22.24 -14.8873
22.28 -14.9116
22.32 -14.9358
22.36 -14.96
22.4 -14.9842
22.44 -15.0084
22.48 -15.0326
22.52 -15.0568
22.56 -15.081
22.6 -15.1052
22.64 -15.1294
22.68 -15.1535
22.72 -15.1777
22.76 -15.2018
22.8 -15.226
22.84 -15.2501
22.88 -15.2742
22.92 -15.2983
22.96 -15.3224
23 -15.3465
23.04 -15.3706
23.08 -15.3947
23.12 -15.4188
23.16 -15.4428
23.2 -15.4669
23.24 -15.4909
23.28 -15.515
23.32 -15.539
23.36 -15.563
23.4 -15.5871
23.44 -15.6111
23.48 -15.6351
23.52 -15.6591
23.56 -15.6831
23.6 -15.707
23.64 -15.731
23.68 -15.755
23.72 -15.7789
23.76 -15.8029
23.8 -15.8268
23.84 -15.8507
23.88 -15.8747
23.92 -15.8986
23.96 -15.9225
24 -15.9464
24.04 -15.9703
24.08 -15.9941
24.12 -16.018
24.16 -16.0419
24.2 -16.0657
24.24 -16.0896
24.28 -16.1134
24.32 -16.1373
24.36 -16.1611
24.4 -16.1849
24.44 -16.2087
24.48 -16.2325
24.52 -16.2563
24.56 -16.2801
24.6 -16.3039
24.64 -16.3276
24.68 -16.3514
24.72 -16.3751
24.76 -16.3989
24.8 -16.4226
24.84 -16.4463
24.88 -16.47
24.92 -16.4938
24.96 -16.5175
25 -16.5411
25.04 -16.5648
25.08 -16.5885
25.12 -16.6122
25.16 -16.6358
25.2 -16.6595
25.24 -16.6831
25.28 -16.7068
25.32 -16.7304
25.36 -16.754
25.4 -16.7776
25.44 -16.8012
25.48 -16.8248
25.52 -16.8484
25.56 -16.872
25.6 -16.8955
25.64 -16.9191
25.68 -16.9427
25.72 -16.9662
25.76 -16.9897
25.8 -17.0133
25.84 -17.0368
25.88 -17.0603
25.92 -17.0838
25.96 -17.1073
26 -17.1308
26.04 -17.1542
26.08 -17.1777
26.12 -17.2012
26.16 -17.2246
26.2 -17.248
26.24 -17.2715
26.28 -17.2949
26.32 -17.3183
26.36 -17.3417
26.4 -17.3651
26.44 -17.3885
26.48 -17.4119
26.52 -17.4353
26.56 -17.4586
26.6 -17.482
26.64 -17.5053
26.68 -17.5287
26.72 -17.552
26.76 -17.5753
26.8 -17.5986
26.84 -17.6219
26.88 -17.6452
26.92 -17.6685
26.96 -17.6918
27 -17.7151
27.04 -17.7383
27.08 -17.7616
27.12 -17.7848
27.16 -17.8081
27.2 -17.8313
27.24 -17.8545
27.28 -17.8777
27.32 -17.9009
27.36 -17.9241
27.4 -17.9473
27.44 -17.9705
27.48 -17.9936
27.52 -18.0168
27.56 -18.0399
27.6 -18.0631
27.64 -18.0862
27.68 -18.1093
27.72 -18.1324
27.76 -18.1555
27.8 -18.1786
27.84 -18.2017
27.88 -18.2248
27.92 -18.2478
27.96 -18.2709
28 -18.294
28.04 -18.317
28.08 -18.34
28.12 -18.363
28.16 -18.3861
28.2 -18.4091
28.24 -18.4321
28.28 -18.4551
28.32 -18.478
28.36 -18.501
28.4 -18.524
28.44 -18.5469
28.48 -18.5699
28.52 -18.5928
28.56 -18.6157
28.6 -18.6386
28.64 -18.6615
28.68 -18.6844
28.72 -18.7073
28.76 -18.7302
28.8 -18.7531
28.84 -18.7759
28.88 -18.7988
28.92 -18.8216
28.96 -18.8445
29 -18.8673
29.04 -18.8901
29.08 -18.9129
29.12 -18.9357
29.16 -18.9585
29.2 -18.9813
29.24 -19.004
29.28 -19.0268
29.32 -19.0496
29.36 -19.0723
29.4 -19.095
29.44 -19.1178
29.48 -19.1405
29.52 -19.1632
29.56 -19.1859
29.6 -19.2086
29.64 -19.2312
29.68 -19.2539
29.72 -19.2766
29.76 -19.2992
29.8 -19.3219
29.84 -19.3445
29.88 -19.3671
29.92 -19.3897
29.96 -19.4123
30 -19.4349
30.04 -19.4575
30.08 -19.4801
30.12 -19.5027
30.16 -19.5252
30.2 -19.5478
30.24 -19.5703
30.28 -19.5929
30.32 -19.6154
30.36 -19.6379
30.4 -19.6604
30.44 -19.6829
30.48 -19.7054
30.52 -19.7279
30.56 -19.7503
30.6 -19.7728
30.64 -19.7952
30.68 -19.8177
30.72 -19.8401
30.76 -19.8625
30.8 -19.8849
30.84 -19.9073
30.88 -19.9297
30.92 -19.9521
30.96 -19.9745
31 -19.9968
31.04 -20.0192
31.08 -20.0415
31.12 -20.0639
31.16 -20.0862
31.2 -20.1085
31.24 -20.1308
31.28 -20.1531
31.32 -20.1754
31.36 -20.1977
31.4 -20.2199
31.44 -20.2422
31.48 -20.2645
31.52 -20.2867
31.56 -20.3089
31.6 -20.3312
31.64 -20.3534
31.68 -20.3756
31.72 -20.3978
31.76 -20.42
31.8 -20.4421
31.84 -20.4643
31.88 -20.4864
31.92 -20.5086
31.96 -20.5307
32 -20.5529
32.04 -20.575
32.08 -20.5971
32.12 -20.6192
32.16 -20.6413
32.2 -20.6634
32.24 -20.6854
32.28 -20.7075
32.32 -20.7295
32.36 -20.7516
32.4 -20.7736
32.44 -20.7956
32.48 -20.8177
32.52 -20.8397
32.56 -20.8617
32.6 -20.8836
32.64 -20.9056
32.68 -20.9276
32.72 -20.9495
32.76 -20.9715
32.8 -20.9934
32.84 -21.0153
32.88 -21.0373
32.92 -21.0592
32.96 -21.0811
33 -21.103
33.04 -21.1248
33.08 -21.1467
33.12 -21.1686
33.16 -21.1904
33.2 -21.2123
33.24 -21.2341
33.28 -21.2559
33.32 -21.2777
33.36 -21.2995
33.4 -21.3213
33.44 -21.3431
33.48 -21.3649
33.52 -21.3867
33.56 -21.4084
33.6 -21.4302
33.64 -21.4519
33.68 -21.4736
33.72 -21.4953
33.76 -21.5171
33.8 -21.5388
33.84 -21.5604
33.88 -21.5821
33.92 -21.6038
33.96 -21.6255
34 -21.6471
34.04 -21.6687
34.08 -21.6904
34.12 -21.712
34.16 -21.7336
34.2 -21.7552
34.24 -21.7768
34.28 -21.7984
34.32 -21.82
34.36 -21.8415
34.4 -21.8631
34.44 -21.8846
34.48 -21.9062
34.52 -21.9277
34.56 -21.9492
34.6 -21.9707
34.64 -21.9922
34.68 -22.0137
34.72 -22.0352
34.76 -22.0566
34.8 -22.0781
34.84 -22.0996
34.88 -22.121
34.92 -22.1424
34.96 -22.1638
35 -22.1853
35.04 -22.2067
35.08 -22.228
35.12 -22.2494
35.16 -22.2708
35.2 -22.2922
35.24 -22.3135
35.28 -22.3349
35.32 -22.3562
35.36 -22.3775
35.4 -22.3988
35.44 -22.4201
35.48 -22.4414
35.52 -22.4627
35.56 -22.484
35.6 -22.5053
35.64 -22.5265
35.68 -22.5478
35.72 -22.569
35.76 -22.5902
35.8 -22.6115
35.84 -22.6327
35.88 -22.6539
35.92 -22.6751
35.96 -22.6963
36 -22.7174
36.04 -22.7386
36.08 -22.7597
36.12 -22.7809
36.16 -22.802
36.2 -22.8231
36.24 -22.8443
36.28 -22.8654
36.32 -22.8865
36.36 -22.9075
36.4 -22.9286
36.44 -22.9497
36.48 -22.9707
36.52 -22.9918
36.56 -23.0128
36.6 -23.0339
36.64 -23.0549
36.68 -23.0759
36.72 -23.0969
36.76 -23.1179
36.8 -23.1389
36.84 -23.1598
36.88 -23.1808
36.92 -23.2018
36.96 -23.2227
37 -23.2436
37.04 -23.2646
37.08 -23.2855
37.12 -23.3064
37.16 -23.3273
37.2 -23.3482
37.24 -23.369
37.28 -23.3899
37.32 -23.4108
37.36 -23.4316
37.4 -23.4525
37.44 -23.4733
37.48 -23.4941
37.52 -23.5149
37.56 -23.5357
37.6 -23.5565
37.64 -23.5773
37.68 -23.5981
37.72 -23.6188
37.76 -23.6396
37.8 -23.6603
37.84 -23.6811
37.88 -23.7018
37.92 -23.7225
37.96 -23.7432
38 -23.7639
38.04 -23.7846
38.08 -23.8053
38.12 -23.826
38.16 -23.8466
38.2 -23.8673
38.24 -23.8879
38.28 -23.9086
38.32 -23.9292
38.36 -23.9498
38.4 -23.9704
38.44 -23.991
38.48 -24.0116
38.52 -24.0322
38.56 -24.0527
38.6 -24.0733
38.64 -24.0938
38.68 -24.1144
38.72 -24.1349
38.76 -24.1554
38.8 -24.1759
38.84 -24.1964
38.88 -24.2169
38.92 -24.2374
38.96 -24.2579
39 -24.2784
39.04 -24.2988
39.08 -24.3193
39.12 -24.3397
39.16 -24.3601
39.2 -24.3806
39.24 -24.401
39.28 -24.4214
39.32 -24.4418
39.36 -24.4621
39.4 -24.4825
39.44 -24.5029
39.48 -24.5232
39.52 -24.5436
39.56 -24.5639
39.6 -24.5843
39.64 -24.6046
39.68 -24.6249
39.72 -24.6452
39.76 -24.6655
39.8 -24.6858
39.84 -24.706
39.88 -24.7263
39.92 -24.7466
39.96 -24.7668
40 -24.787
40.04 -24.8073
40.08 -24.8275
40.12 -24.8477
40.16 -24.8679
40.2 -24.8881
40.24 -24.9083
40.28 -24.9284
40.32 -24.9486
40.36 -24.9688
40.4 -24.9889
40.44 -25.0091
40.48 -25.0292
40.52 -25.0493
40.56 -25.0694
40.6 -25.0895
40.64 -25.1096
40.68 -25.1297
40.72 -25.1498
40.76 -25.1698
40.8 -25.1899
40.84 -25.2099
40.88 -25.23
40.92 -25.25
40.96 -25.27
41 -25.29
41.04 -25.3101
41.08 -25.33
41.12 -25.35
41.16 -25.37
41.2 -25.39
41.24 -25.4099
41.28 -25.4299
41.32 -25.4498
41.36 -25.4698
41.4 -25.4897
41.44 -25.5096
41.48 -25.5295
41.52 -25.5494
41.56 -25.5693
41.6 -25.5892
41.64 -25.6091
41.68 -25.6289
41.72 -25.6488
41.76 -25.6686
41.8 -25.6885
41.84 -25.7083
41.88 -25.7281
41.92 -25.7479
41.96 -25.7677
42 -25.7875
42.04 -25.8073
42.08 -25.8271
42.12 -25.8468
42.16 -25.8666
42.2 -25.8863
42.24 -25.9061
42.28 -25.9258
42.32 -25.9455
42.36 -25.9653
42.4 -25.985
42.44 -26.0047
42.48 -26.0244
42.52 -26.044
42.56 -26.0637
42.6 -26.0834
42.64 -26.103
42.68 -26.1227
42.72 -26.1423
42.76 -26.1619
42.8 -26.1816
42.84 -26.2012
42.88 -26.2208
42.92 -26.2404
42.96 -26.26
43 -26.2795
43.04 -26.2991
43.08 -26.3187
43.12 -26.3382
43.16 -26.3578
43.2 -26.3773
43.24 -26.3968
43.28 -26.4164
43.32 -26.4359
43.36 -26.4554
43.4 -26.4749
43.44 -26.4944
43.48 -26.5138
43.52 -26.5333
43.56 -26.5528
43.6 -26.5722
43.64 -26.5917
43.68 -26.6111
43.72 -26.6305
43.76 -26.65
43.8 -26.6694
43.84 -26.6888
43.88 -26.7082
43.92 -26.7276
43.96 -26.7469
44 -26.7663
44.04 -26.7857
44.08 -26.805
44.12 -26.8244
44.16 -26.8437
44.2 -26.863
44.24 -26.8824
44.28 -26.9017
44.32 -26.921
44.36 -26.9403
44.4 -26.9596
44.44 -26.9789
44.48 -26.9981
44.52 -27.0174
44.56 -27.0366
44.6 -27.0559
44.64 -27.0751
44.68 -27.0944
44.72 -27.1136
44.76 -27.1328
44.8 -27.152
44.84 -27.1712
44.88 -27.1904
44.92 -27.2096
44.96 -27.2288
45 -27.2479
45.04 -27.2671
45.08 -27.2863
45.12 -27.3054
45.16 -27.3245
45.2 -27.3437
45.24 -27.3628
45.28 -27.3819
45.32 -27.401
45.36 -27.4201
45.4 -27.4392
45.44 -27.4583
45.48 -27.4774
45.52 -27.4964
45.56 -27.5155
45.6 -27.5345
45.64 -27.5536
45.68 -27.5726
45.72 -27.5916
45.76 -27.6107
45.8 -27.6297
45.84 -27.6487
45.88 -27.6677
45.92 -27.6867
45.96 -27.7056
46 -27.7246
46.04 -27.7436
46.08 -27.7625
46.12 -27.7815
46.16 -27.8004
46.2 -27.8194
46.24 -27.8383
46.28 -27.8572
46.32 -27.8761
46.36 -27.895
46.4 -27.9139
46.44 -27.9328
46.48 -27.9517
46.52 -27.9706
46.56 -27.9895
46.6 -28.0083
46.64 -28.0272
46.68 -28.046
46.72 -28.0649
46.76 -28.0837
46.8 -28.1025
46.84 -28.1213
46.88 -28.1401
46.92 -28.1589
46.96 -28.1777
47 -28.1965
47.04 -28.2153
47.08 -28.2341
47.12 -28.2528
47.16 -28.2716
47.2 -28.2903
47.24 -28.3091
47.28 -28.3278
47.32 -28.3465
47.36 -28.3652
47.4 -28.384
47.44 -28.4027
47.48 -28.4214
47.52 -28.44
47.56 -28.4587
47.6 -28.4774
47.64 -28.4961
47.68 -28.5147
47.72 -28.5334
47.76 -28.552
47.8 -28.5707
47.84 -28.5893
47.88 -28.6079
47.92 -28.6266
47.96 -28.6452
48 -28.6638
48.04 -28.6824
48.08 -28.701
48.12 -28.7195
48.16 -28.7381
48.2 -28.7567
48.24 -28.7753
48.28 -28.7938
48.32 -28.8124
48.36 -28.8309
48.4 -28.8494
48.44 -28.868
48.48 -28.8865
48.52 -28.905
48.56 -28.9235
48.6 -28.942
48.64 -28.9605
48.68 -28.979
48.72 -28.9975
48.76 -29.0159
48.8 -29.0344
48.84 -29.0528
48.88 -29.0713
48.92 -29.0897
48.96 -29.1082
49 -29.1266
49.04 -29.145
49.08 -29.1634
49.12 -29.1819
49.16 -29.2003
49.2 -29.2187
49.24 -29.2371
49.28 -29.2554
49.32 -29.2738
49.36 -29.2922
49.4 -29.3105
49.44 -29.3289
49.48 -29.3472
49.52 -29.3656
49.56 -29.3839
49.6 -29.4023
49.64 -29.4206
49.68 -29.4389
49.72 -29.4572
49.76 -29.4755
49.8 -29.4938
49.84 -29.5121
49.88 -29.5304
49.92 -29.5487
49.96 -29.5669
50 -29.5852
50.04 -29.6035
50.08 -29.6217
50.12 -29.64
50.16 -29.6582
50.2 -29.6764
50.24 -29.6946
50.28 -29.7129
50.32 -29.7311
50.36 -29.7493
50.4 -29.7675
50.44 -29.7857
50.48 -29.8039
50.52 -29.822
50.56 -29.8402
50.6 -29.8584
50.64 -29.8766
50.68 -29.8947
50.72 -29.9129
50.76 -29.931
50.8 -29.9491
50.84 -29.9673
50.88 -29.9854
50.92 -30.0035
50.96 -30.0216
51 -30.0397
51.04 -30.0578
51.08 -30.0759
51.12 -30.094
51.16 -30.1121
51.2 -30.1302
51.24 -30.1482
51.28 -30.1663
51.32 -30.1843
51.36 -30.2024
51.4 -30.2204
51.44 -30.2385
51.48 -30.2565
51.52 -30.2745
51.56 -30.2926
51.6 -30.3106
51.64 -30.3286
51.68 -30.3466
51.72 -30.3646
51.76 -30.3826
51.8 -30.4006
51.84 -30.4185
51.88 -30.4365
51.92 -30.4545
51.96 -30.4724
52 -30.4904
52.04 -30.5083
52.08 -30.5263
52.12 -30.5442
52.16 -30.5621
52.2 -30.5801
52.24 -30.598
52.28 -30.6159
52.32 -30.6338
52.36 -30.6517
52.4 -30.6696
52.44 -30.6875
52.48 -30.7054
52.52 -30.7233
52.56 -30.7411
52.6 -30.759
52.64 -30.7769
52.68 -30.7947
52.72 -30.8126
52.76 -30.8304
52.8 -30.8483
52.84 -30.8661
52.88 -30.8839
52.92 -30.9017
52.96 -30.9196
53 -30.9374
53.04 -30.9552
53.08 -30.973
53.12 -30.9908
53.16 -31.0086
53.2 -31.0263
53.24 -31.0441
53.28 -31.0619
53.32 -31.0797
53.36 -31.0974
53.4 -31.1152
53.44 -31.1329
53.48 -31.1507
53.52 -31.1684
53.56 -31.1861
53.6 -31.2039
53.64 -31.2216
53.68 -31.2393
53.72 -31.257
53.76 -31.2747
53.8 -31.2924
53.84 -31.3101
53.88 -31.3278
53.92 -31.3455
53.96 -31.3632
54 -31.3809
54.04 -31.3985
54.08 -31.4162
54.12 -31.4339
54.16 -31.4515
54.2 -31.4692
54.24 -31.4868
54.28 -31.5045
54.32 -31.5221
54.36 -31.5397
54.4 -31.5573
54.44 -31.575
54.48 -31.5926
54.52 -31.6102
54.56 -31.6278
54.6 -31.6454
54.64 -31.663
54.68 -31.6806
54.72 -31.6981
54.76 -31.7157
54.8 -31.7333
54.84 -31.7509
54.88 -31.7684
54.92 -31.786
54.96 -31.8035
55 -31.8211
55.04 -31.8386
55.08 -31.8562
55.12 -31.8737
55.16 -31.8912
55.2 -31.9087
55.24 -31.9263
55.28 -31.9438
55.32 -31.9613
55.36 -31.9788
55.4 -31.9963
55.44 -32.0138
55.48 -32.0313
55.52 -32.0487
55.56 -32.0662
55.6 -32.0837
55.64 -32.1012
55.68 -32.1186
55.72 -32.1361
55.76 -32.1536
55.8 -32.171
55.84 -32.1884
55.88 -32.2059
55.92 -32.2233
55.96 -32.2408
56 -32.2582
56.04 -32.2756
56.08 -32.293
56.12 -32.3104
56.16 -32.3278
56.2 -32.3453
56.24 -32.3626
56.28 -32.38
56.32 -32.3974
56.36 -32.4148
56.4 -32.4322
56.44 -32.4496
56.48 -32.4669
56.52 -32.4843
56.56 -32.5017
56.6 -32.519
56.64 -32.5364
56.68 -32.5537
56.72 -32.5711
56.76 -32.5884
56.8 -32.6058
56.84 -32.6231
56.88 -32.6404
56.92 -32.6577
56.96 -32.6751
57 -32.6924
57.04 -32.7097
57.08 -32.727
57.12 -32.7443
57.16 -32.7616
57.2 -32.7789
57.24 -32.7962
57.28 -32.8135
57.32 -32.8307
57.36 -32.848
57.4 -32.8653
57.44 -32.8825
57.48 -32.8998
57.52 -32.9171
57.56 -32.9343
57.6 -32.9516
57.64 -32.9688
57.68 -32.9861
57.72 -33.0033
57.76 -33.0205
57.8 -33.0378
57.84 -33.055
57.88 -33.0722
57.92 -33.0894
57.96 -33.1066
58 -33.1238
58.04 -33.141
58.08 -33.1582
58.12 -33.1754
58.16 -33.1926
58.2 -33.2098
58.24 -33.227
58.28 -33.2442
58.32 -33.2614
58.36 -33.2785
58.4 -33.2957
58.44 -33.3129
58.48 -33.33
58.52 -33.3472
58.56 -33.3643
58.6 -33.3815
58.64 -33.3986
58.68 -33.4158
58.72 -33.4329
58.76 -33.45
58.8 -33.4672
58.84 -33.4843
58.88 -33.5014
58.92 -33.5185
58.96 -33.5357
59 -33.5528
59.04 -33.5699
59.08 -33.587
59.12 -33.6041
59.16 -33.6212
59.2 -33.6383
59.24 -33.6554
59.28 -33.6724
59.32 -33.6895
59.36 -33.7066
59.4 -33.7237
59.44 -33.7407
59.48 -33.7578
59.52 -33.7749
59.56 -33.7919
59.6 -33.809
59.64 -33.826
59.68 -33.8431
59.72 -33.8601
59.76 -33.8772
59.8 -33.8942
59.84 -33.9112
59.88 -33.9283
59.92 -33.9453
59.96 -33.9623
60 -33.9793
__settings__ -1 10 2 0 1 1
G(2,2) [mSie]
0.04 0.702544
0.08 1.27242
0.12 2.13667
0.16 3.1965
0.2 4.35568
0.24 5.53702
0.28 6.68787
0.32 7.77798
0.36 8.79398
0.4 9.7337
0.44 10.6015
0.48 11.405
0.52 12.1529
0.56 12.8543
0.6 13.5173
0.64 14.1493
0.68 14.7567
0.72 15.345
0.76 15.9188
0.8 16.4821
0.84 17.0381
0.88 17.5894
0.92 18.1384
0.96 18.6867
1 19.236
1.04 19.7874
1.08 20.3419
1.12 20.9002
1.16 21.463
1.2 22.0307
1.24 22.6037
1.28 23.1823
1.32 23.7665
1.36 24.3566
1.4 24.9525
1.44 25.5542
1.48 26.1617
1.52 26.7749
1.56 27.3936
1.6 28.0178
1.64 28.6473
1.68 29.2819
1.72 29.9214
1.76 30.5656
1.8 31.2144
1.84 31.8674
1.88 32.5246
1.92 33.1858
1.96 33.8506
2 34.5189
2.04 35.1905
2.08 35.8651
2.12 36.5427
2.16 37.223
2.2 37.9057
2.24 38.5908
2.28 39.2781
2.32 39.9673
2.36 40.6583
2.4 41.3509
2.44 42.0451
2.48 42.7406
2.52 43.4373
2.56 44.1351
2.6 44.8338
2.64 45.5333
2.68 46.2336
2.72 46.9344
2.76 47.6357
2.8 48.3374
2.84 49.0394
2.88 49.7417
2.92 50.444
2.96 51.1464
3 51.8488
3.04 52.5512
3.08 53.2533
3.12 53.9553
3.16 54.657
3.2 55.3584
3.24 56.0595
3.28 56.7601
3.32 57.4604
3.36 58.1601
3.4 58.8594
3.44 59.5582
3.48 60.2564
3.52 60.954
3.56 61.651
3.6 62.3475
3.64 63.0433
3.68 63.7384
3.72 64.4329
3.76 65.1268
3.8 65.82
3.84 66.5125
3.88 67.2044
3.92 67.8956
3.96 68.5861
4 69.2759
4.04 69.9651
4.08 70.6536
4.12 71.3414
4.16 72.0285
4.2 72.715
4.24 73.4009
4.28 74.0861
4.32 74.7706
4.36 75.4546
4.4 76.1379
4.44 76.8206
4.48 77.5027
4.52 78.1842
4.56 78.8651
4.6 79.5455
4.64 80.2253
4.68 80.9045
4.72 81.5832
4.76 82.2614
4.8 82.939
4.84 83.6162
4.88 84.2928
4.92 84.969
4.96 85.6447
5 86.32
5.04 86.9948
5.08 87.6691
5.12 88.343
5.16 89.0165
5.2 89.6896
5.24 90.3623
5.28 91.0346
5.32 91.7066
5.36 92.3781
5.4 93.0494
5.44 93.7202
5.48 94.3907
5.52 95.0609
5.56 95.7308
5.6 96.4004
5.64 97.0696
5.68 97.7386
5.72 98.4073
5.76 99.0757
5.8 99.7438
5.84 100.412
5.88 101.079
5.92 101.747
5.96 102.414
6 103.081
6.04 103.747
6.08 104.414
6.12 105.08
6.16 105.746
6.2 106.412
6.24 107.077
6.28 107.742
6.32 108.408
6.36 109.073
6.4 109.737
6.44 110.402
6.48 111.066
6.52 111.731
6.56 112.395
6.6 113.059
6.64 113.722
6.68 114.386
6.72 115.049
6.76 115.712
6.8 116.375
6.84 117.038
6.88 117.701
6.92 118.364
6.96 119.026
7 119.689
7.04 120.351
7.08 121.013
7.12 121.675
7.16 122.336
7.2 122.998
7.24 123.659
7.28 124.321
7.32 124.982
7.36 125.643
7.4 126.303
7.44 126.964
7.48 127.625
7.52 128.285
7.56 128.945
7.6 129.606
7.64 130.266
7.68 130.925
7.72 131.585
7.76 132.245
7.8 132.904
7.84 133.563
7.88 134.222
7.92 134.881
7.96 135.54
8 136.199
8.04 136.857
8.08 137.515
8.12 138.174
8.16 138.832
8.2 139.49
8.24 140.147
8.28 140.805
8.32 141.462
8.36 142.119
8.4 142.776
8.44 143.433
8.48 144.09
8.52 144.746
8.56 145.403
8.6 146.059
8.64 146.715
8.68 147.371
8.72 148.027
8.76 148.682
8.8 149.337
8.84 149.992
8.88 150.647
8.92 151.302
8.96 151.957
9 152.611
9.04 153.265
9.08 153.919
9.12 154.573
9.16 155.227
9.2 155.88
9.24 156.533
9.28 157.186
9.32 157.839
9.36 158.492
9.4 159.144
9.44 159.796
9.48 160.448
9.52 161.1
9.56 161.752
9.6 162.403
9.64 163.054
9.68 163.705
9.72 164.356
9.76 165.006
9.8 165.656
9.84 166.306
9.88 166.956
9.92 167.606
9.96 168.255
10 168.904
10.04 169.553
10.08 170.202
10.12 170.85
10.16 171.498
10.2 172.146
10.24 172.794
10.28 173.442
10.32 174.089
10.36 174.736
10.4 175.383
10.44 176.029
10.48 176.675
10.52 177.321
10.56 177.967
10.6 178.613
10.64 179.258
10.68 179.903
10.72 180.548
10.76 181.193
10.8 181.837
10.84 182.481
10.88 183.125
10.92 183.768
10.96 184.412
11 185.055
11.04 185.698
11.08 186.34
11.12 186.982
11.16 187.624
11.2 188.266
11.24 188.908
11.28 189.549
11.32 190.19
11.36 190.831
11.4 191.471
11.44 192.111
11.48 192.751
11.52 193.391
11.56 194.031
11.6 194.67
11.64 195.309
11.68 195.947
11.72 196.586
11.76 197.224
11.8 197.862
11.84 198.499
11.88 199.137
11.92 199.774
11.96 200.411
12 201.047
12.04 201.683
12.08 202.319
12.12 202.955
12.16 203.591
12.2 204.226
12.24 204.861
12.28 205.495
12.32 206.13
12.36 206.764
12.4 207.398
12.44 208.031
12.48 208.665
12.52 209.298
12.56 209.931
12.6 210.563
12.64 211.196
12.68 211.828
12.72 212.459
12.76 213.091
12.8 213.722
12.84 214.353
12.88 214.984
12.92 215.614
12.96 216.244
13 216.874
13.04 217.504
13.08 218.133
13.12 218.762
13.16 219.391
13.2 220.02
13.24 220.648
13.28 221.276
13.32 221.904
13.36 222.532
13.4 223.159
13.44 223.786
13.48 224.413
13.52 225.039
13.56 225.665
13.6 226.291
13.64 226.917
13.68 227.543
13.72 228.168
13.76 228.793
13.8 229.417
13.84 230.042
13.88 230.666
13.92 231.29
13.96 231.914
14 232.537
14.04 233.16
14.08 233.783
14.12 234.406
14.16 235.028
14.2 235.65
14.24 236.272
14.28 236.894
14.32 237.515
14.36 238.136
14.4 238.757
14.44 239.378
14.48 239.998
14.52 240.618
14.56 241.238
14.6 241.858
14.64 242.477
14.68 243.096
14.72 243.715
14.76 244.334
14.8 244.952
14.84 245.571
14.88 246.188
14.92 246.806
14.96 247.424
15 248.041
15.04 248.658
15.08 249.274
15.12 249.891
15.16 250.507
15.2 251.123
15.24 251.739
15.28 252.355
15.32 252.97
15.36 253.585
15.4 254.2
15.44 254.814
15.48 255.429
15.52 256.043
15.56 256.657
15.6 257.27
15.64 257.884
15.68 258.497
15.72 259.11
15.76 259.722
15.8 260.335
15.84 260.947
15.88 261.559
15.92 262.171
15.96 262.783
16 263.394
16.04 264.005
16.08 264.616
16.12 265.227
16.16 265.837
16.2 266.447
16.24 267.057
16.28 267.667
16.32 268.277
16.36 268.886
16.4 269.495
16.44 270.104
16.48 270.712
16.52 271.321
16.56 271.929
16.6 272.537
16.64 273.145
16.68 273.752
16.72 274.36
16.76 274.967
16.8 275.574
16.84 276.18
16.88 276.787
16.92 277.393
16.96 277.999
17 278.605
17.04 279.211
17.08 279.816
17.12 280.421
17.16 281.026
17.2 281.631
17.24 282.235
17.28 282.84
17.32 283.444
17.36 284.048
17.4 284.652
17.44 285.255
17.48 285.858
17.52 286.461
17.56 287.064
17.6 287.667
17.64 288.269
17.68 288.872
17.72 289.474
17.76 290.076
17.8 290.677
17.84 291.279
17.88 291.88
17.92 292.481
17.96 293.082
18 293.682
18.04 294.283
18.08 294.883
18.12 295.483
18.16 296.083
18.2 296.682
18.24 297.282
18.28 297.881
18.32 298.48
18.36 299.079
18.4 299.677
18.44 300.276
18.48 300.874
18.52 301.472
18.56 302.07
18.6 302.667
18.64 303.265
18.68 303.862
18.72 304.459
18.76 305.056
18.8 305.652
18.84 306.249
18.88 306.845
18.92 307.441
18.96 308.037
19 308.632
19.04 309.228
19.08 309.823
19.12 310.418
19.16 311.013
19.2 311.607
19.24 312.202
19.28 312.796
19.32 313.39
19.36 313.984
19.4 314.578
19.44 315.171
19.48 315.765
19.52 316.358
19.56 316.951
19.6 317.543
19.64 318.136
19.68 318.728
19.72 319.32
19.76 319.912
19.8 320.504
19.84 321.096
19.88 321.687
19.92 322.278
19.96 322.869
20 323.46
20.04 324.051
20.08 324.641
20.12 325.231
20.16 325.821
20.2 326.411
20.24 327.001
20.28 327.59
20.32 328.18
20.36 328.769
20.4 329.358
20.44 329.946
20.48 330.535
20.52 331.123
20.56 331.711
20.6 332.299
20.64 332.887
20.68 333.475
20.72 334.062
20.76 334.649
20.8 335.236
20.84 335.823
20.88 336.41
20.92 336.996
20.96 337.582
21 338.168
21.04 338.754
21.08 339.34
21.12 339.926
21.16 340.511
21.2 341.096
21.24 341.681
21.28 342.266
21.32 342.85
21.36 343.435
21.4 344.019
21.44 344.603
21.48 345.187
21.52 345.77
21.56 346.354
21.6 346.937
21.64 347.52
21.68 348.103
21.72 348.686
21.76 349.268
21.8 349.851
21.84 350.433
21.88 351.015
21.92 351.596
21.96 352.178
22 352.759
22.04 353.34
22.08 353.921
22.12 354.502
22.16 355.083
22.2 355.663
22.24 356.244
22.28 356.824
22.32 357.403
22.36 357.983
22.4 358.563
22.44 359.142
22.48 359.721
22.52 360.3
22.56 360.879
22.6 361.457
22.64 362.036
22.68 362.614
22.72 363.192
22.76 363.77
22.8 364.347
22.84 364.925
22.88 365.502
22.92 366.079
22.96 366.656
23 367.232
23.04 367.809
23.08 368.385
23.12 368.961
23.16 369.537
23.2 370.113
23.24 370.688
23.28 371.263
23.32 371.839
23.36 372.414
23.4 372.988
23.44 373.563
23.48 374.137
23.52 374.711
23.56 375.285
23.6 375.859
23.64 376.433
23.68 377.006
23.72 377.579
23.76 378.152
23.8 378.725
23.84 379.298
23.88 379.87
23.92 380.442
23.96 381.014
24 381.586
24.04 382.158
24.08 382.729
24.12 383.301
24.16 383.872
24.2 384.443
24.24 385.013
24.28 385.584
24.32 386.154
24.36 386.724
24.4 387.294
24.44 387.864
24.48 388.433
24.52 389.003
24.56 389.572
24.6 390.141
24.64 390.709
24.68 391.278
24.72 391.846
24.76 392.414
24.8 392.982
24.84 393.55
24.88 394.118
24.92 394.685
24.96 395.252
25 395.819
25.04 396.386
25.08 396.952
25.12 397.519
25.16 398.085
25.2 398.651
25.24 399.217
25.28 399.782
25.32 400.348
25.36 400.913
25.4 401.478
25.44 402.043
25.48 402.607
25.52 403.172
25.56 403.736
25.6 404.3
25.64 404.863
25.68 405.427
25.72 405.99
25.76 406.554
25.8 407.117
25.84 407.679
25.88 408.242
25.92 408.804
25.96 409.366
26 409.928
26.04 410.49
26.08 411.052
26.12 411.613
26.16 412.174
26.2 412.735
26.24 413.296
26.28 413.856
26.32 414.417
26.36 414.977
26.4 415.537
26.44 416.096
26.48 416.656
26.52 417.215
26.56 417.774
26.6 418.333
26.64 418.892
26.68 419.45
26.72 420.009
26.76 420.567
26.8 421.125
26.84 421.682
26.88 422.24
26.92 422.797
26.96 423.354
27 423.911
27.04 424.467
27.08 425.024
27.12 425.58
27.16 426.136
27.2 426.692
27.24 427.247
27.28 427.803
27.32 428.358
27.36 428.913
27.4 429.467
27.44 430.022
27.48 430.576
27.52 431.13
27.56 431.684
27.6 432.238
27.64 432.791
27.68 433.345
27.72 433.898
27.76 434.451
27.8 435.003
27.84 435.556
27.88 436.108
27.92 436.66
27.96 437.212
28 437.763
28.04 438.315
28.08 438.866
28.12 439.417
28.16 439.967
28.2 440.518
28.24 441.068
28.28 441.618
28.32 442.168
28.36 442.718
28.4 443.267
28.44 443.816
28.48 444.365
28.52 444.914
28.56 445.463
28.6 446.011
28.64 446.559
28.68 447.107
28.72 447.655
28.76 448.202
28.8 448.75
28.84 449.297
28.88 449.844
28.92 450.39
28.96 450.937
29 451.483
29.04 452.029
29.08 452.575
29.12 453.12
29.16 453.666
29.2 454.211
29.24 454.756
29.28 455.3
29.32 455.845
29.36 456.389
29.4 456.933
29.44 457.477
29.48 458.02
29.52 458.564
29.56 459.107
29.6 459.65
29.64 460.192
29.68 460.735
29.72 461.277
29.76 461.819
29.8 462.361
29.84 462.903
29.88 463.444
29.92 463.985
29.96 464.526
30 465.067
30.04 465.607
30.08 466.148
30.12 466.688
30.16 467.228
30.2 467.767
30.24 468.307
30.28 468.846
30.32 469.385
30.36 469.923
30.4 470.462
30.44 471
30.48 471.538
30.52 472.076
30.56 472.614
30.6 473.151
30.64 473.688
30.68 474.225
30.72 474.762
30.76 475.298
30.8 475.835
30.84 476.371
30.88 476.907
30.92 477.442
30.96 477.978
31 478.513
31.04 479.048
31.08 479.582
31.12 480.117
31.16 480.651
31.2 481.185
31.24 481.719
31.28 482.252
31.32 482.786
31.36 483.319
31.4 483.852
31.44 484.385
31.48 484.917
31.52 485.449
31.56 485.981
31.6 486.513
31.64 487.045
31.68 487.576
31.72 488.107
31.76 488.638
31.8 489.168
31.84 489.699
31.88 490.229
31.92 490.759
31.96 491.289
32 491.818
32.04 492.348
32.08 492.877
32.12 493.405
32.16 493.934
32.2 494.462
32.24 494.991
32.28 495.519
32.32 496.046
32.36 496.574
32.4 497.101
32.44 497.628
32.48 498.155
32.52 498.681
32.56 499.208
32.6 499.734
32.64 500.26
32.68 500.785
32.72 501.311
32.76 501.836
32.8 502.361
32.84 502.886
32.88 503.41
32.92 503.934
32.96 504.458
33 504.982
33.04 505.506
33.08 506.029
33.12 506.552
33.16 507.075
33.2 507.598
33.24 508.12
33.28 508.643
33.32 509.164
33.36 509.686
33.4 510.208
33.44 510.729
33.48 511.25
33.52 511.771
33.56 512.292
33.6 512.812
33.64 513.332
33.68 513.852
33.72 514.372
33.76 514.891
33.8 515.411
33.84 515.93
33.88 516.448
33.92 516.967
33.96 517.485
34 518.003
34.04 518.521
34.08 519.039
34.12 519.556
34.16 520.073
34.2 520.59
34.24 521.107
34.28 521.624
34.32 522.14
34.36 522.656
34.4 523.172
34.44 523.687
34.48 524.203
34.52 524.718
34.56 525.233
34.6 525.747
34.64 526.262
34.68 526.776
34.72 527.29
34.76 527.804
34.8 528.317
34.84 528.83
34.88 529.343
34.92 529.856
34.96 530.369
35 530.881
35.04 531.393
35.08 531.905
35.12 532.417
35.16 532.928
35.2 533.44
35.24 533.951
35.28 534.461
35.32 534.972
35.36 535.482
35.4 535.992
35.44 536.502
35.48 537.012
35.52 537.521
35.56 538.03
35.6 538.539
35.64 539.048
35.68 539.556
35.72 540.065
35.76 540.573
35.8 541.08
35.84 541.588
35.88 542.095
35.92 542.602
35.96 543.109
36 543.616
36.04 544.122
36.08 544.628
36.12 545.134
36.16 545.64
36.2 546.146
36.24 546.651
36.28 547.156
36.32 547.661
36.36 548.165
36.4 548.67
36.44 549.174
36.48 549.678
36.52 550.181
36.56 550.685
36.6 551.188
36.64 551.691
36.68 552.194
36.72 552.696
36.76 553.199
36.8 553.701
36.84 554.203
36.88 554.704
36.92 555.206
36.96 555.707
37 556.208
37.04 556.709
37.08 557.209
37.12 557.709
37.16 558.209
37.2 558.709
37.24 559.209
37.28 559.708
37.32 560.207
37.36 560.706
37.4 561.205
37.44 561.703
37.48 562.202
37.52 562.7
37.56 563.198
37.6 563.695
37.64 564.192
37.68 564.69
37.72 565.186
37.76 565.683
37.8 566.18
37.84 566.676
37.88 567.172
37.92 567.668
37.96 568.163
38 568.658
38.04 569.153
38.08 569.648
38.12 570.143
38.16 570.637
38.2 571.132
38.24 571.626
38.28 572.119
38.32 572.613
38.36 573.106
38.4 573.599
38.44 574.092
38.48 574.585
38.52 575.077
38.56 575.569
38.6 576.061
38.64 576.553
38.68 577.045
38.72 577.536
38.76 578.027
38.8 578.518
38.84 579.009
38.88 579.499
38.92 579.989
38.96 580.479
39 580.969
39.04 581.458
39.08 581.948
39.12 582.437
39.16 582.926
39.2 583.414
39.24 583.903
39.28 584.391
39.32 584.879
39.36 585.367
39.4 585.854
39.44 586.342
39.48 586.829
39.52 587.316
39.56 587.802
39.6 588.289
39.64 588.775
39.68 589.261
39.72 589.747
39.76 590.232
39.8 590.718
39.84 591.203
39.88 591.688
39.92 592.173
39.96 592.657
40 593.141
40.04 593.625
40.08 594.109
40.12 594.593
40.16 595.076
40.2 595.56
40.24 596.043
40.28 596.525
40.32 597.008
40.36 597.49
40.4 597.972
40.44 598.454
40.48 598.936
40.52 599.417
40.56 599.899
40.6 600.38
40.64 600.86
40.68 601.341
40.72 601.822
40.76 602.302
40.8 602.782
40.84 603.261
40.88 603.741
40.92 604.22
40.96 604.699
41 605.178
41.04 605.657
41.08 606.136
41.12 606.614
41.16 607.092
41.2 607.57
41.24 608.047
41.28 608.525
41.32 609.002
41.36 609.479
41.4 609.956
41.44 610.432
41.48 610.909
41.52 611.385
41.56 611.861
41.6 612.337
41.64 612.812
41.68 613.287
41.72 613.763
41.76 614.237
41.8 614.712
41.84 615.187
41.88 615.661
41.92 616.135
41.96 616.609
42 617.082
42.04 617.556
42.08 618.029
42.12 618.502
42.16 618.975
42.2 619.448
42.24 619.92
42.28 620.392
42.32 620.864
42.36 621.336
42.4 621.808
42.44 622.279
42.48 622.75
42.52 623.221
42.56 623.692
42.6 624.162
42.64 624.633
42.68 625.103
42.72 625.573
42.76 626.043
42.8 626.512
42.84 626.982
42.88 627.451
42.92 627.92
42.96 628.388
43 628.857
43.04 629.325
43.08 629.793
43.12 630.261
43.16 630.729
43.2 631.196
43.24 631.664
43.28 632.131
43.32 632.598
43.36 633.065
43.4 633.531
43.44 633.997
43.48 634.464
43.52 634.929
43.56 635.395
43.6 635.861
43.64 636.326
43.68 636.791
43.72 637.256
43.76 637.721
43.8 638.185
43.84 638.65
43.88 639.114
43.92 639.578
43.96 640.041
44 640.505
44.04 640.968
44.08 641.432
44.12 641.894
44.16 642.357
44.2 642.82
44.24 643.282
44.28 643.744
44.32 644.206
44.36 644.668
44.4 645.13
44.44 645.591
44.48 646.052
44.52 646.513
44.56 646.974
44.6 647.435
44.64 647.895
44.68 648.355
44.72 648.816
44.76 649.275
44.8 649.735
44.84 650.195
44.88 650.654
44.92 651.113
44.96 651.572
45 652.031
45.04 652.489
45.08 652.947
45.12 653.406
45.16 653.863
45.2 654.321
45.24 654.779
45.28 655.236
45.32 655.693
45.36 656.15
45.4 656.607
45.44 657.064
45.48 657.52
45.52 657.977
45.56 658.433
45.6 658.889
45.64 659.344
45.68 659.8
45.72 660.255
45.76 660.71
45.8 661.165
45.84 661.62
45.88 662.075
45.92 662.529
45.96 662.983
46 663.437
46.04 663.891
46.08 664.345
46.12 664.798
46.16 665.252
46.2 665.705
46.24 666.158
46.28 666.61
46.32 667.063
46.36 667.515
46.4 667.968
46.44 668.42
46.48 668.872
46.52 669.323
46.56 669.775
46.6 670.226
46.64 670.677
46.68 671.128
46.72 671.579
46.76 672.03
46.8 672.48
46.84 672.93
46.88 673.38
46.92 673.83
46.96 674.28
47 674.729
47.04 675.179
47.08 675.628
47.12 676.077
47.16 676.526
47.2 676.974
47.24 677.423
47.28 677.871
47.32 678.319
47.36 678.767
47.4 679.215
47.44 679.663
47.48 680.11
47.52 680.557
47.56 681.005
47.6 681.451
47.64 681.898
47.68 682.345
47.72 682.791
47.76 683.237
47.8 683.683
47.84 684.129
47.88 684.575
47.92 685.021
47.96 685.466
48 685.911
48.04 686.356
48.08 686.801
48.12 687.246
48.16 687.69
48.2 688.135
48.24 688.579
48.28 689.023
48.32 689.467
48.36 689.91
48.4 690.354
48.44 690.797
48.48 691.24
48.52 691.683
48.56 692.126
48.6 692.569
48.64 693.011
48.68 693.454
48.72 693.896
48.76 694.338
48.8 694.78
48.84 695.222
48.88 695.663
48.92 696.104
48.96 696.546
49 696.987
49.04 697.428
49.08 697.868
49.12 698.309
49.16 698.749
49.2 699.19
49.24 699.63
49.28 700.07
49.32 700.509
49.36 700.949
49.4 701.388
49.44 701.828
49.48 702.267
49.52 702.706
49.56 703.144
49.6 703.583
49.64 704.022
49.68 704.46
49.72 704.898
49.76 705.336
49.8 705.774
49.84 706.212
49.88 706.649
49.92 707.086
49.96 707.524
50 707.961
50.04 708.398
50.08 708.834
50.12 709.271
50.16 709.707
50.2 710.144
50.24 710.58
50.28 711.016
50.32 711.452
50.36 711.887
50.4 712.323
50.44 712.758
50.48 713.193
50.52 713.628
50.56 714.063
50.6 714.498
50.64 714.933
50.68 715.367
50.72 715.802
50.76 716.236
50.8 716.67
50.84 717.104
50.88 717.537
50.92 717.971
50.96 718.404
51 718.838
51.04 719.271
51.08 719.704
51.12 720.136
51.16 720.569
51.2 721.002
51.24 721.434
51.28 721.866
51.32 722.298
51.36 722.73
51.4 723.162
51.44 723.594
51.48 724.025
51.52 724.457
51.56 724.888
51.6 725.319
51.64 725.75
51.68 726.181
51.72 726.611
51.76 727.042
51.8 727.472
51.84 727.902
51.88 728.332
51.92 728.762
51.96 729.192
52 729.622
52.04 730.051
52.08 730.481
52.12 730.91
52.16 731.339
52.2 731.768
52.24 732.197
52.28 732.625
52.32 733.054
52.36 733.482
52.4 733.911
52.44 734.339
52.48 734.767
52.52 735.195
52.56 735.622
52.6 736.05
52.64 736.477
52.68 736.905
52.72 737.332
52.76 737.759
52.8 738.186
52.84 738.612
52.88 739.039
52.92 739.466
52.96 739.892
53 740.318
53.04 740.744
53.08 741.17
53.12 741.596
53.16 742.022
53.2 742.447
53.24 742.873
53.28 743.298
53.32 743.723
53.36 744.148
53.4 744.573
53.44 744.998
53.48 745.422
53.52 745.847
53.56 746.271
53.6 746.696
53.64 747.12
53.68 747.544
53.72 747.968
53.76 748.391
53.8 748.815
53.84 749.238
53.88 749.662
53.92 750.085
53.96 750.508
54 750.931
54.04 751.354
54.08 751.777
54.12 752.199
54.16 752.622
54.2 753.044
54.24 753.466
54.28 753.888
54.32 754.31
54.36 754.732
54.4 755.154
54.44 755.576
54.48 755.997
54.52 756.418
54.56 756.84
54.6 757.261
54.64 757.682
54.68 758.103
54.72 758.523
54.76 758.944
54.8 759.364
54.84 759.785
54.88 760.205
54.92 760.625
54.96 761.045
55 761.465
55.04 761.885
55.08 762.305
55.12 762.724
55.16 763.144
55.2 763.563
55.24 763.982
55.28 764.401
55.32 764.82
55.36 765.239
55.4 765.658
55.44 766.076
55.48 766.495
55.52 766.913
55.56 767.332
55.6 767.75
55.64 768.168
55.68 768.586
55.72 769.004
55.76 769.421
55.8 769.839
55.84 770.256
55.88 770.674
55.92 771.091
55.96 771.508
56 771.925
56.04 772.342
56.08 772.759
56.12 773.176
56.16 773.592
56.2 774.009
56.24 774.425
56.28 774.841
56.32 775.257
56.36 775.673
56.4 776.089
56.44 776.505
56.48 776.921
56.52 777.336
56.56 777.752
56.6 778.167
56.64 778.583
56.68 778.998
56.72 779.413
56.76 779.828
56.8 780.243
56.84 780.657
56.88 781.072
56.92 781.487
56.96 781.901
57 782.315
57.04 782.729
57.08 783.144
57.12 783.558
57.16 783.972
57.2 784.385
57.24 784.799
57.28 785.213
57.32 785.626
57.36 786.04
57.4 786.453
57.44 786.866
57.48 787.279
57.52 787.692
57.56 788.105
57.6 788.518
57.64 788.93
57.68 789.343
57.72 789.756
57.76 790.168
57.8 790.58
57.84 790.992
57.88 791.405
57.92 791.817
57.96 792.228
58 792.64
58.04 793.052
58.08 793.464
58.12 793.875
58.16 794.286
58.2 794.698
58.24 795.109
58.28 795.52
58.32 795.931
58.36 796.342
58.4 796.753
58.44 797.164
58.48 797.574
58.52 797.985
58.56 798.395
58.6 798.806
58.64 799.216
58.68 799.626
58.72 800.036
58.76 800.446
58.8 800.856
58.84 801.266
58.88 801.676
58.92 802.085
58.96 802.495
59 802.904
59.04 803.314
59.08 803.723
59.12 804.132
59.16 804.541
59.2 804.95
59.24 805.359
59.28 805.768
59.32 806.177
59.36 806.585
59.4 806.994
59.44 807.402
59.48 807.811
59.52 808.219
59.56 808.627
59.6 809.035
59.64 809.443
59.68 809.851
59.72 810.259
59.76 810.667
59.8 811.075
59.84 811.482
59.88 811.89
59.92 812.297
59.96 812.705
60 813.112
__settings__ -1 11 2 0 1 1
