L Matrix Plot 1
Freq [GHz]
Y Axis
__cartesian__ 0 0 0.040000 14.265799 60.000000 358.953744
__settings__ 1 0 0 0 11 11 0 0 0 0
L(1,1) [nH]
0.04 358.954
0.08 358.326
0.12 357.479
0.16 356.582
0.2 355.747
0.24 355.021
0.28 354.413
0.32 353.915
0.36 353.507
0.4 353.175
0.44 352.903
0.48 352.679
0.52 352.493
0.56 352.337
0.6 352.206
0.64 352.094
0.68 351.999
0.72 351.917
0.76 351.846
0.8 351.783
0.84 351.729
0.88 351.681
0.92 351.638
0.96 351.599
1 351.565
1.04 351.534
1.08 351.506
1.12 351.48
1.16 351.457
1.2 351.435
1.24 351.415
1.28 351.397
1.32 351.38
1.36 351.364
1.4 351.349
1.44 351.335
1.48 351.322
1.52 351.31
1.56 351.298
1.6 351.287
1.64 351.276
1.68 351.266
1.72 351.256
1.76 351.247
1.8 351.238
1.84 351.229
1.88 351.221
1.92 351.213
1.96 351.205
2 351.198
2.04 351.19
2.08 351.183
2.12 351.176
2.16 351.17
2.2 351.163
2.24 351.157
2.28 351.15
2.32 351.144
2.36 351.138
2.4 351.132
2.44 351.126
2.48 351.12
2.52 351.115
2.56 351.109
2.6 351.104
2.64 351.098
2.68 351.093
2.72 351.088
2.76 351.082
2.8 351.077
2.84 351.072
2.88 351.067
2.92 351.062
2.96 351.057
3 351.052
3.04 351.048
3.08 351.043
3.12 351.038
3.16 351.033
3.2 351.029
3.24 351.024
3.28 351.02
3.32 351.015
3.36 351.011
3.4 351.007
3.44 351.002
3.48 350.998
3.52 350.994
3.56 350.989
3.6 350.985
3.64 350.981
3.68 350.977
3.72 350.973
3.76 350.969
3.8 350.965
3.84 350.961
3.88 350.957
3.92 350.953
3.96 350.949
4 350.945
4.04 350.942
4.08 350.938
4.12 350.934
4.16 350.931
4.2 350.927
4.24 350.923
4.28 350.92
4.32 350.916
4.36 350.913
4.4 350.909
4.44 350.906
4.48 350.902
4.52 350.899
4.56 350.896
4.6 350.892
4.64 350.889
4.68 350.886
4.72 350.882
4.76 350.879
4.8 350.876
4.84 350.873
4.88 350.87
4.92 350.867
4.96 350.864
5 350.861
5.04 350.858
5.08 350.855
5.12 350.852
5.16 350.849
5.2 350.846
5.24 350.843
5.28 350.84
5.32 350.838
5.36 350.835
5.4 350.832
5.44 350.829
5.48 350.827
5.52 350.824
5.56 350.821
5.6 350.819
5.64 350.816
5.68 350.814
5.72 350.811
5.76 350.808
5.8 350.806
5.84 350.804
5.88 350.801
5.92 350.799
5.96 350.796
6 350.794
6.04 350.792
6.08 350.789
6.12 350.787
6.16 350.785
6.2 350.782
6.24 350.78
6.28 350.778
6.32 350.776
6.36 350.774
6.4 350.771
6.44 350.769
6.48 350.767
6.52 350.765
6.56 350.763
6.6 350.761
6.64 350.759
6.68 350.757
6.72 350.755
6.76 350.753
6.8 350.751
6.84 350.749
6.88 350.747
6.92 350.745
6.96 350.744
7 350.742
7.04 350.74
7.08 350.738
7.12 350.736
7.16 350.734
7.2 350.733
7.24 350.731
7.28 350.729
7.32 350.728
7.36 350.726
7.4 350.724
7.44 350.722
7.48 350.721
7.52 350.719
7.56 350.718
7.6 350.716
7.64 350.714
7.68 350.713
7.72 350.711
7.76 350.71
7.8 350.708
7.84 350.707
7.88 350.705
7.92 350.704
7.96 350.702
8 350.701
8.04 350.699
8.08 350.698
8.12 350.697
8.16 350.695
8.2 350.694
8.24 350.693
8.28 350.691
8.32 350.69
8.36 350.688
8.4 350.687
8.44 350.686
8.48 350.685
8.52 350.683
8.56 350.682
8.6 350.681
8.64 350.68
8.68 350.678
8.72 350.677
8.76 350.676
8.8 350.675
8.84 350.674
8.88 350.672
8.92 350.671
8.96 350.67
9 350.669
9.04 350.668
9.08 350.667
9.12 350.666
9.16 350.664
9.2 350.663
9.24 350.662
9.28 350.661
9.32 350.66
9.36 350.659
9.4 350.658
9.44 350.657
9.48 350.656
9.52 350.655
9.56 350.654
9.6 350.653
9.64 350.652
9.68 350.651
9.72 350.65
9.76 350.649
9.8 350.648
9.84 350.647
9.88 350.646
9.92 350.645
9.96 350.644
10 350.644
10.04 350.643
10.08 350.642
10.12 350.641
10.16 350.64
10.2 350.639
10.24 350.638
10.28 350.637
10.32 350.637
10.36 350.636
10.4 350.635
10.44 350.634
10.48 350.633
10.52 350.633
10.56 350.632
10.6 350.631
10.64 350.63
10.68 350.629
10.72 350.629
10.76 350.628
10.8 350.627
10.84 350.626
10.88 350.626
10.92 350.625
10.96 350.624
11 350.623
11.04 350.623
11.08 350.622
11.12 350.621
11.16 350.621
11.2 350.62
11.24 350.619
11.28 350.618
11.32 350.618
11.36 350.617
11.4 350.616
11.44 350.616
11.48 350.615
11.52 350.614
11.56 350.614
11.6 350.613
11.64 350.613
11.68 350.612
11.72 350.611
11.76 350.611
11.8 350.61
11.84 350.609
11.88 350.609
11.92 350.608
11.96 350.608
12 350.607
12.04 350.606
12.08 350.606
12.12 350.605
12.16 350.605
12.2 350.604
12.24 350.604
12.28 350.603
12.32 350.602
12.36 350.602
12.4 350.601
12.44 350.601
12.48 350.6
12.52 350.6
12.56 350.599
12.6 350.599
12.64 350.598
12.68 350.598
12.72 350.597
12.76 350.597
12.8 350.596
12.84 350.596
12.88 350.595
12.92 350.595
12.96 350.594
13 350.594
13.04 350.593
13.08 350.593
13.12 350.592
13.16 350.592
13.2 350.591
13.24 350.591
13.28 350.59
13.32 350.59
13.36 350.589
13.4 350.589
13.44 350.589
13.48 350.588
13.52 350.588
13.56 350.587
13.6 350.587
13.64 350.586
13.68 350.586
13.72 350.586
13.76 350.585
13.8 350.585
13.84 350.584
13.88 350.584
13.92 350.583
13.96 350.583
14 350.583
14.04 350.582
14.08 350.582
14.12 350.582
14.16 350.581
14.2 350.581
14.24 350.58
14.28 350.58
14.32 350.58
14.36 350.579
14.4 350.579
14.44 350.578
14.48 350.578
14.52 350.578
14.56 350.577
14.6 350.577
14.64 350.577
14.68 350.576
14.72 350.576
14.76 350.576
14.8 350.575
14.84 350.575
14.88 350.575
14.92 350.574
14.96 350.574
15 350.574
15.04 350.573
15.08 350.573
15.12 350.573
15.16 350.572
15.2 350.572
15.24 350.572
15.28 350.571
15.32 350.571
15.36 350.571
15.4 350.57
15.44 350.57
15.48 350.57
15.52 350.569
15.56 350.569
15.6 350.569
15.64 350.568
15.68 350.568
15.72 350.568
15.76 350.568
15.8 350.567
15.84 350.567
15.88 350.567
15.92 350.566
15.96 350.566
16 350.566
16.04 350.566
16.08 350.565
16.12 350.565
16.16 350.565
16.2 350.564
16.24 350.564
16.28 350.564
16.32 350.564
16.36 350.563
16.4 350.563
16.44 350.563
16.48 350.563
16.52 350.562
16.56 350.562
16.6 350.562
16.64 350.562
16.68 350.561
16.72 350.561
16.76 350.561
16.8 350.561
16.84 350.56
16.88 350.56
16.92 350.56
16.96 350.56
17 350.559
17.04 350.559
17.08 350.559
17.12 350.559
17.16 350.558
17.2 350.558
17.24 350.558
17.28 350.558
17.32 350.557
17.36 350.557
17.4 350.557
17.44 350.557
17.48 350.557
17.52 350.556
17.56 350.556
17.6 350.556
17.64 350.556
17.68 350.555
17.72 350.555
17.76 350.555
17.8 350.555
17.84 350.555
17.88 350.554
17.92 350.554
17.96 350.554
18 350.554
18.04 350.554
18.08 350.553
18.12 350.553
18.16 350.553
18.2 350.553
18.24 350.553
18.28 350.552
18.32 350.552
18.36 350.552
18.4 350.552
18.44 350.552
18.48 350.551
18.52 350.551
18.56 350.551
18.6 350.551
18.64 350.551
18.68 350.55
18.72 350.55
18.76 350.55
18.8 350.55
18.84 350.55
18.88 350.55
18.92 350.549
18.96 350.549
19 350.549
19.04 350.549
19.08 350.549
19.12 350.549
19.16 350.548
19.2 350.548
19.24 350.548
19.28 350.548
19.32 350.548
19.36 350.547
19.4 350.547
19.44 350.547
19.48 350.547
19.52 350.547
19.56 350.547
19.6 350.546
19.64 350.546
19.68 350.546
19.72 350.546
19.76 350.546
19.8 350.546
19.84 350.546
19.88 350.545
19.92 350.545
19.96 350.545
20 350.545
20.04 350.545
20.08 350.545
20.12 350.544
20.16 350.544
20.2 350.544
20.24 350.544
20.28 350.544
20.32 350.544
20.36 350.544
20.4 350.543
20.44 350.543
20.48 350.543
20.52 350.543
20.56 350.543
20.6 350.543
20.64 350.543
20.68 350.542
20.72 350.542
20.76 350.542
20.8 350.542
20.84 350.542
20.88 350.542
20.92 350.542
20.96 350.541
21 350.541
21.04 350.541
21.08 350.541
21.12 350.541
21.16 350.541
21.2 350.541
21.24 350.541
21.28 350.54
21.32 350.54
21.36 350.54
21.4 350.54
21.44 350.54
21.48 350.54
21.52 350.54
21.56 350.539
21.6 350.539
21.64 350.539
21.68 350.539
21.72 350.539
21.76 350.539
21.8 350.539
21.84 350.539
21.88 350.539
21.92 350.538
21.96 350.538
22 350.538
22.04 350.538
22.08 350.538
22.12 350.538
22.16 350.538
22.2 350.538
22.24 350.537
22.28 350.537
22.32 350.537
22.36 350.537
22.4 350.537
22.44 350.537
22.48 350.537
22.52 350.537
22.56 350.537
22.6 350.536
22.64 350.536
22.68 350.536
22.72 350.536
22.76 350.536
22.8 350.536
22.84 350.536
22.88 350.536
22.92 350.536
22.96 350.535
23 350.535
23.04 350.535
23.08 350.535
23.12 350.535
23.16 350.535
23.2 350.535
23.24 350.535
23.28 350.535
23.32 350.535
23.36 350.534
23.4 350.534
23.44 350.534
23.48 350.534
23.52 350.534
23.56 350.534
23.6 350.534
23.64 350.534
23.68 350.534
23.72 350.534
23.76 350.534
23.8 350.533
23.84 350.533
23.88 350.533
23.92 350.533
23.96 350.533
24 350.533
24.04 350.533
24.08 350.533
24.12 350.533
24.16 350.533
24.2 350.532
24.24 350.532
24.28 350.532
24.32 350.532
24.36 350.532
24.4 350.532
24.44 350.532
24.48 350.532
24.52 350.532
24.56 350.532
24.6 350.532
24.64 350.532
24.68 350.531
24.72 350.531
24.76 350.531
24.8 350.531
24.84 350.531
24.88 350.531
24.92 350.531
24.96 350.531
25 350.531
25.04 350.531
25.08 350.531
25.12 350.531
25.16 350.53
25.2 350.53
25.24 350.53
25.28 350.53
25.32 350.53
25.36 350.53
25.4 350.53
25.44 350.53
25.48 350.53
25.52 350.53
25.56 350.53
25.6 350.53
25.64 350.53
25.68 350.529
25.72 350.529
25.76 350.529
25.8 350.529
25.84 350.529
25.88 350.529
25.92 350.529
25.96 350.529
26 350.529
26.04 350.529
26.08 350.529
26.12 350.529
26.16 350.529
26.2 350.528
26.24 350.528
26.28 350.528
26.32 350.528
26.36 350.528
26.4 350.528
26.44 350.528
26.48 350.528
26.52 350.528
26.56 350.528
26.6 350.528
26.64 350.528
26.68 350.528
26.72 350.528
26.76 350.527
26.8 350.527
26.84 350.527
26.88 350.527
26.92 350.527
26.96 350.527
27 350.527
27.04 350.527
27.08 350.527
27.12 350.527
27.16 350.527
27.2 350.527
27.24 350.527
27.28 350.527
27.32 350.527
27.36 350.527
27.4 350.526
27.44 350.526
27.48 350.526
27.52 350.526
27.56 350.526
27.6 350.526
27.64 350.526
27.68 350.526
27.72 350.526
27.76 350.526
27.8 350.526
27.84 350.526
27.88 350.526
27.92 350.526
27.96 350.526
28 350.526
28.04 350.525
28.08 350.525
28.12 350.525
28.16 350.525
28.2 350.525
28.24 350.525
28.28 350.525
28.32 350.525
28.36 350.525
28.4 350.525
28.44 350.525
28.48 350.525
28.52 350.525
28.56 350.525
28.6 350.525
28.64 350.525
28.68 350.525
28.72 350.524
28.76 350.524
28.8 350.524
28.84 350.524
28.88 350.524
28.92 350.524
28.96 350.524
29 350.524
29.04 350.524
29.08 350.524
29.12 350.524
29.16 350.524
29.2 350.524
29.24 350.524
29.28 350.524
29.32 350.524
29.36 350.524
29.4 350.524
29.44 350.524
29.48 350.523
29.52 350.523
29.56 350.523
29.6 350.523
29.64 350.523
29.68 350.523
29.72 350.523
29.76 350.523
29.8 350.523
29.84 350.523
29.88 350.523
29.92 350.523
29.96 350.523
30 350.523
30.04 350.523
30.08 350.523
30.12 350.523
30.16 350.523
30.2 350.523
30.24 350.523
30.28 350.523
30.32 350.522
30.36 350.522
30.4 350.522
30.44 350.522
30.48 350.522
30.52 350.522
30.56 350.522
30.6 350.522
30.64 350.522
30.68 350.522
30.72 350.522
30.76 350.522
30.8 350.522
30.84 350.522
30.88 350.522
30.92 350.522
30.96 350.522
31 350.522
31.04 350.522
31.08 350.522
31.12 350.522
31.16 350.522
31.2 350.521
31.24 350.521
31.28 350.521
31.32 350.521
31.36 350.521
31.4 350.521
31.44 350.521
31.48 350.521
31.52 350.521
31.56 350.521
31.6 350.521
31.64 350.521
31.68 350.521
31.72 350.521
31.76 350.521
31.8 350.521
31.84 350.521
31.88 350.521
31.92 350.521
31.96 350.521
32 350.521
32.04 350.521
32.08 350.521
32.12 350.521
32.16 350.52
32.2 350.52
32.24 350.52
32.28 350.52
32.32 350.52
32.36 350.52
32.4 350.52
32.44 350.52
32.48 350.52
32.52 350.52
32.56 350.52
32.6 350.52
32.64 350.52
32.68 350.52
32.72 350.52
32.76 350.52
32.8 350.52
32.84 350.52
32.88 350.52
32.92 350.52
32.96 350.52
33 350.52
33.04 350.52
33.08 350.52
33.12 350.52
33.16 350.52
33.2 350.519
33.24 350.519
33.28 350.519
33.32 350.519
33.36 350.519
33.4 350.519
33.44 350.519
33.48 350.519
33.52 350.519
33.56 350.519
33.6 350.519
33.64 350.519
33.68 350.519
33.72 350.519
33.76 350.519
33.8 350.519
33.84 350.519
33.88 350.519
33.92 350.519
33.96 350.519
34 350.519
34.04 350.519
34.08 350.519
34.12 350.519
34.16 350.519
34.2 350.519
34.24 350.519
34.28 350.519
34.32 350.519
34.36 350.518
34.4 350.518
34.44 350.518
34.48 350.518
34.52 350.518
34.56 350.518
34.6 350.518
34.64 350.518
34.68 350.518
34.72 350.518
34.76 350.518
34.8 350.518
34.84 350.518
34.88 350.518
34.92 350.518
34.96 350.518
35 350.518
35.04 350.518
35.08 350.518
35.12 350.518
35.16 350.518
35.2 350.518
35.24 350.518
35.28 350.518
35.32 350.518
35.36 350.518
35.4 350.518
35.44 350.518
35.48 350.518
35.52 350.518
35.56 350.518
35.6 350.518
35.64 350.517
35.68 350.517
35.72 350.517
35.76 350.517
35.8 350.517
35.84 350.517
35.88 350.517
35.92 350.517
35.96 350.517
36 350.517
36.04 350.517
36.08 350.517
36.12 350.517
36.16 350.517
36.2 350.517
36.24 350.517
36.28 350.517
36.32 350.517
36.36 350.517
36.4 350.517
36.44 350.517
36.48 350.517
36.52 350.517
36.56 350.517
36.6 350.517
36.64 350.517
36.68 350.517
36.72 350.517
36.76 350.517
36.8 350.517
36.84 350.517
36.88 350.517
36.92 350.517
36.96 350.517
37 350.517
37.04 350.516
37.08 350.516
37.12 350.516
37.16 350.516
37.2 350.516
37.24 350.516
37.28 350.516
37.32 350.516
37.36 350.516
37.4 350.516
37.44 350.516
37.48 350.516
37.52 350.516
37.56 350.516
37.6 350.516
37.64 350.516
37.68 350.516
37.72 350.516
37.76 350.516
37.8 350.516
37.84 350.516
37.88 350.516
37.92 350.516
37.96 350.516
38 350.516
38.04 350.516
38.08 350.516
38.12 350.516
38.16 350.516
38.2 350.516
38.24 350.516
38.28 350.516
38.32 350.516
38.36 350.516
38.4 350.516
38.44 350.516
38.48 350.516
38.52 350.516
38.56 350.516
38.6 350.516
38.64 350.516
38.68 350.515
38.72 350.515
38.76 350.515
38.8 350.515
38.84 350.515
38.88 350.515
38.92 350.515
38.96 350.515
39 350.515
39.04 350.515
39.08 350.515
39.12 350.515
39.16 350.515
39.2 350.515
39.24 350.515
39.28 350.515
39.32 350.515
39.36 350.515
39.4 350.515
39.44 350.515
39.48 350.515
39.52 350.515
39.56 350.515
39.6 350.515
39.64 350.515
39.68 350.515
39.72 350.515
39.76 350.515
39.8 350.515
39.84 350.515
39.88 350.515
39.92 350.515
39.96 350.515
40 350.515
40.04 350.515
40.08 350.515
40.12 350.515
40.16 350.515
40.2 350.515
40.24 350.515
40.28 350.515
40.32 350.515
40.36 350.515
40.4 350.515
40.44 350.515
40.48 350.515
40.52 350.514
40.56 350.514
40.6 350.514
40.64 350.514
40.68 350.514
40.72 350.514
40.76 350.514
40.8 350.514
40.84 350.514
40.88 350.514
40.92 350.514
40.96 350.514
41 350.514
41.04 350.514
41.08 350.514
41.12 350.514
41.16 350.514
41.2 350.514
41.24 350.514
41.28 350.514
41.32 350.514
41.36 350.514
41.4 350.514
41.44 350.514
41.48 350.514
41.52 350.514
41.56 350.514
41.6 350.514
41.64 350.514
41.68 350.514
41.72 350.514
41.76 350.514
41.8 350.514
41.84 350.514
41.88 350.514
41.92 350.514
41.96 350.514
42 350.514
42.04 350.514
42.08 350.514
42.12 350.514
42.16 350.514
42.2 350.514
42.24 350.514
42.28 350.514
42.32 350.514
42.36 350.514
42.4 350.514
42.44 350.514
42.48 350.514
42.52 350.514
42.56 350.514
42.6 350.514
42.64 350.513
42.68 350.513
42.72 350.513
42.76 350.513
42.8 350.513
42.84 350.513
42.88 350.513
42.92 350.513
42.96 350.513
43 350.513
43.04 350.513
43.08 350.513
43.12 350.513
43.16 350.513
43.2 350.513
43.24 350.513
43.28 350.513
43.32 350.513
43.36 350.513
43.4 350.513
43.44 350.513
43.48 350.513
43.52 350.513
43.56 350.513
43.6 350.513
43.64 350.513
43.68 350.513
43.72 350.513
43.76 350.513
43.8 350.513
43.84 350.513
43.88 350.513
43.92 350.513
43.96 350.513
44 350.513
44.04 350.513
44.08 350.513
44.12 350.513
44.16 350.513
44.2 350.513
44.24 350.513
44.28 350.513
44.32 350.513
44.36 350.513
44.4 350.513
44.44 350.513
44.48 350.513
44.52 350.513
44.56 350.513
44.6 350.513
44.64 350.513
44.68 350.513
44.72 350.513
44.76 350.513
44.8 350.513
44.84 350.513
44.88 350.513
44.92 350.513
44.96 350.513
45 350.513
45.04 350.513
45.08 350.512
45.12 350.512
45.16 350.512
45.2 350.512
45.24 350.512
45.28 350.512
45.32 350.512
45.36 350.512
45.4 350.512
45.44 350.512
45.48 350.512
45.52 350.512
45.56 350.512
45.6 350.512
45.64 350.512
45.68 350.512
45.72 350.512
45.76 350.512
45.8 350.512
45.84 350.512
45.88 350.512
45.92 350.512
45.96 350.512
46 350.512
46.04 350.512
46.08 350.512
46.12 350.512
46.16 350.512
46.2 350.512
46.24 350.512
46.28 350.512
46.32 350.512
46.36 350.512
46.4 350.512
46.44 350.512
46.48 350.512
46.52 350.512
46.56 350.512
46.6 350.512
46.64 350.512
46.68 350.512
46.72 350.512
46.76 350.512
46.8 350.512
46.84 350.512
46.88 350.512
46.92 350.512
46.96 350.512
47 350.512
47.04 350.512
47.08 350.512
47.12 350.512
47.16 350.512
47.2 350.512
47.24 350.512
47.28 350.512
47.32 350.512
47.36 350.512
47.4 350.512
47.44 350.512
47.48 350.512
47.52 350.512
47.56 350.512
47.6 350.512
47.64 350.512
47.68 350.512
47.72 350.512
47.76 350.512
47.8 350.512
47.84 350.512
47.88 350.512
47.92 350.512
47.96 350.512
48 350.512
48.04 350.511
48.08 350.511
48.12 350.511
48.16 350.511
48.2 350.511
48.24 350.511
48.28 350.511
48.32 350.511
48.36 350.511
48.4 350.511
48.44 350.511
48.48 350.511
48.52 350.511
48.56 350.511
48.6 350.511
48.64 350.511
48.68 350.511
48.72 350.511
48.76 350.511
48.8 350.511
48.84 350.511
48.88 350.511
48.92 350.511
48.96 350.511
49 350.511
49.04 350.511
49.08 350.511
49.12 350.511
49.16 350.511
49.2 350.511
49.24 350.511
49.28 350.511
49.32 350.511
49.36 350.511
49.4 350.511
49.44 350.511
49.48 350.511
49.52 350.511
49.56 350.511
49.6 350.511
49.64 350.511
49.68 350.511
49.72 350.511
49.76 350.511
49.8 350.511
49.84 350.511
49.88 350.511
49.92 350.511
49.96 350.511
50 350.511
50.04 350.511
50.08 350.511
50.12 350.511
50.16 350.511
50.2 350.511
50.24 350.511
50.28 350.511
50.32 350.511
50.36 350.511
50.4 350.511
50.44 350.511
50.48 350.511
50.52 350.511
50.56 350.511
50.6 350.511
50.64 350.511
50.68 350.511
50.72 350.511
50.76 350.511
50.8 350.511
50.84 350.511
50.88 350.511
50.92 350.511
50.96 350.511
51 350.511
51.04 350.511
51.08 350.511
51.12 350.511
51.16 350.511
51.2 350.511
51.24 350.511
51.28 350.511
51.32 350.511
51.36 350.511
51.4 350.511
51.44 350.511
51.48 350.511
51.52 350.511
51.56 350.511
51.6 350.51
51.64 350.51
51.68 350.51
51.72 350.51
51.76 350.51
51.8 350.51
51.84 350.51
51.88 350.51
51.92 350.51
51.96 350.51
52 350.51
52.04 350.51
52.08 350.51
52.12 350.51
52.16 350.51
52.2 350.51
52.24 350.51
52.28 350.51
52.32 350.51
52.36 350.51
52.4 350.51
52.44 350.51
52.48 350.51
52.52 350.51
52.56 350.51
52.6 350.51
52.64 350.51
52.68 350.51
52.72 350.51
52.76 350.51
52.8 350.51
52.84 350.51
52.88 350.51
52.92 350.51
52.96 350.51
53 350.51
53.04 350.51
53.08 350.51
53.12 350.51
53.16 350.51
53.2 350.51
53.24 350.51
53.28 350.51
53.32 350.51
53.36 350.51
53.4 350.51
53.44 350.51
53.48 350.51
53.52 350.51
53.56 350.51
53.6 350.51
53.64 350.51
53.68 350.51
53.72 350.51
53.76 350.51
53.8 350.51
53.84 350.51
53.88 350.51
53.92 350.51
53.96 350.51
54 350.51
54.04 350.51
54.08 350.51
54.12 350.51
54.16 350.51
54.2 350.51
54.24 350.51
54.28 350.51
54.32 350.51
54.36 350.51
54.4 350.51
54.44 350.51
54.48 350.51
54.52 350.51
54.56 350.51
54.6 350.51
54.64 350.51
54.68 350.51
54.72 350.51
54.76 350.51
54.8 350.51
54.84 350.51
54.88 350.51
54.92 350.51
54.96 350.51
55 350.51
55.04 350.51
55.08 350.51
55.12 350.51
55.16 350.51
55.2 350.51
55.24 350.51
55.28 350.51
55.32 350.51
55.36 350.51
55.4 350.51
55.44 350.51
55.48 350.51
55.52 350.51
55.56 350.51
55.6 350.51
55.64 350.51
55.68 350.51
55.72 350.51
55.76 350.51
55.8 350.51
55.84 350.51
55.88 350.51
55.92 350.51
55.96 350.51
56 350.51
56.04 350.51
56.08 350.509
56.12 350.509
56.16 350.509
56.2 350.509
56.24 350.509
56.28 350.509
56.32 350.509
56.36 350.509
56.4 350.509
56.44 350.509
56.48 350.509
56.52 350.509
56.56 350.509
56.6 350.509
56.64 350.509
56.68 350.509
56.72 350.509
56.76 350.509
56.8 350.509
56.84 350.509
56.88 350.509
56.92 350.509
56.96 350.509
57 350.509
57.04 350.509
57.08 350.509
57.12 350.509
57.16 350.509
57.2 350.509
57.24 350.509
57.28 350.509
57.32 350.509
57.36 350.509
57.4 350.509
57.44 350.509
57.48 350.509
57.52 350.509
57.56 350.509
57.6 350.509
57.64 350.509
57.68 350.509
57.72 350.509
57.76 350.509
57.8 350.509
57.84 350.509
57.88 350.509
57.92 350.509
57.96 350.509
58 350.509
58.04 350.509
58.08 350.509
58.12 350.509
58.16 350.509
58.2 350.509
58.24 350.509
58.28 350.509
58.32 350.509
58.36 350.509
58.4 350.509
58.44 350.509
58.48 350.509
58.52 350.509
58.56 350.509
58.6 350.509
58.64 350.509
58.68 350.509
58.72 350.509
58.76 350.509
58.8 350.509
58.84 350.509
58.88 350.509
58.92 350.509
58.96 350.509
59 350.509
59.04 350.509
59.08 350.509
59.12 350.509
59.16 350.509
59.2 350.509
59.24 350.509
59.28 350.509
59.32 350.509
59.36 350.509
59.4 350.509
59.44 350.509
59.48 350.509
59.52 350.509
59.56 350.509
59.6 350.509
59.64 350.509
59.68 350.509
59.72 350.509
59.76 350.509
59.8 350.509
59.84 350.509
59.88 350.509
59.92 350.509
59.96 350.509
60 350.509
__settings__ -1 8 2 0 1 1
L(2,1) [nH]
0.04 14.4712
0.08 14.379
0.12 14.3301
0.16 14.3054
0.2 14.292
0.24 14.2841
0.28 14.2791
0.32 14.2757
0.36 14.2734
0.4 14.2717
0.44 14.2704
0.48 14.2695
0.52 14.2687
0.56 14.2681
0.6 14.2677
0.64 14.2673
0.68 14.267
0.72 14.2667
0.76 14.2665
0.8 14.2664
0.84 14.2662
0.88 14.2661
0.92 14.266
0.96 14.266
1 14.2659
1.04 14.2659
1.08 14.2658
1.12 14.2658
1.16 14.2658
1.2 14.2658
1.24 14.2658
1.28 14.2658
1.32 14.2658
1.36 14.2659
1.4 14.2659
1.44 14.2659
1.48 14.2659
1.52 14.266
1.56 14.266
1.6 14.2661
1.64 14.2661
1.68 14.2662
1.72 14.2662
1.76 14.2663
1.8 14.2663
1.84 14.2664
1.88 14.2665
1.92 14.2665
1.96 14.2666
2 14.2667
2.04 14.2667
2.08 14.2668
2.12 14.2669
2.16 14.2669
2.2 14.267
2.24 14.2671
2.28 14.2672
2.32 14.2672
2.36 14.2673
2.4 14.2674
2.44 14.2675
2.48 14.2676
2.52 14.2676
2.56 14.2677
2.6 14.2678
2.64 14.2679
2.68 14.268
2.72 14.268
2.76 14.2681
2.8 14.2682
2.84 14.2683
2.88 14.2684
2.92 14.2685
2.96 14.2685
3 14.2686
3.04 14.2687
3.08 14.2688
3.12 14.2689
3.16 14.269
3.2 14.269
3.24 14.2691
3.28 14.2692
3.32 14.2693
3.36 14.2694
3.4 14.2695
3.44 14.2695
3.48 14.2696
3.52 14.2697
3.56 14.2698
3.6 14.2699
3.64 14.27
3.68 14.27
3.72 14.2701
3.76 14.2702
3.8 14.2703
3.84 14.2704
3.88 14.2704
3.92 14.2705
3.96 14.2706
4 14.2707
4.04 14.2708
4.08 14.2708
4.12 14.2709
4.16 14.271
4.2 14.2711
4.24 14.2711
4.28 14.2712
4.32 14.2713
4.36 14.2714
4.4 14.2714
4.44 14.2715
4.48 14.2716
4.52 14.2717
4.56 14.2717
4.6 14.2718
4.64 14.2719
4.68 14.272
4.72 14.272
4.76 14.2721
4.8 14.2722
4.84 14.2722
4.88 14.2723
4.92 14.2724
4.96 14.2724
5 14.2725
5.04 14.2726
5.08 14.2726
5.12 14.2727
5.16 14.2728
5.2 14.2728
5.24 14.2729
5.28 14.273
5.32 14.273
5.36 14.2731
5.4 14.2732
5.44 14.2732
5.48 14.2733
5.52 14.2733
5.56 14.2734
5.6 14.2735
5.64 14.2735
5.68 14.2736
5.72 14.2736
5.76 14.2737
5.8 14.2737
5.84 14.2738
5.88 14.2739
5.92 14.2739
5.96 14.274
6 14.274
6.04 14.2741
6.08 14.2741
6.12 14.2742
6.16 14.2742
6.2 14.2743
6.24 14.2743
6.28 14.2744
6.32 14.2744
6.36 14.2745
6.4 14.2745
6.44 14.2746
6.48 14.2746
6.52 14.2747
6.56 14.2747
6.6 14.2748
6.64 14.2748
6.68 14.2749
6.72 14.2749
6.76 14.275
6.8 14.275
6.84 14.2751
6.88 14.2751
6.92 14.2751
6.96 14.2752
7 14.2752
7.04 14.2753
7.08 14.2753
7.12 14.2754
7.16 14.2754
7.2 14.2754
7.24 14.2755
7.28 14.2755
7.32 14.2756
7.36 14.2756
7.4 14.2756
7.44 14.2757
7.48 14.2757
7.52 14.2758
7.56 14.2758
7.6 14.2758
7.64 14.2759
7.68 14.2759
7.72 14.2759
7.76 14.276
7.8 14.276
7.84 14.276
7.88 14.2761
7.92 14.2761
7.96 14.2762
8 14.2762
8.04 14.2762
8.08 14.2763
8.12 14.2763
8.16 14.2763
8.2 14.2764
8.24 14.2764
8.28 14.2764
8.32 14.2764
8.36 14.2765
8.4 14.2765
8.44 14.2765
8.48 14.2766
8.52 14.2766
8.56 14.2766
8.6 14.2767
8.64 14.2767
8.68 14.2767
8.72 14.2767
8.76 14.2768
8.8 14.2768
8.84 14.2768
8.88 14.2769
8.92 14.2769
8.96 14.2769
9 14.2769
9.04 14.277
9.08 14.277
9.12 14.277
9.16 14.277
9.2 14.2771
9.24 14.2771
9.28 14.2771
9.32 14.2772
9.36 14.2772
9.4 14.2772
9.44 14.2772
9.48 14.2772
9.52 14.2773
9.56 14.2773
9.6 14.2773
9.64 14.2773
9.68 14.2774
9.72 14.2774
9.76 14.2774
9.8 14.2774
9.84 14.2775
9.88 14.2775
9.92 14.2775
9.96 14.2775
10 14.2775
10.04 14.2776
10.08 14.2776
10.12 14.2776
10.16 14.2776
10.2 14.2777
10.24 14.2777
10.28 14.2777
10.32 14.2777
10.36 14.2777
10.4 14.2778
10.44 14.2778
10.48 14.2778
10.52 14.2778
10.56 14.2778
10.6 14.2779
10.64 14.2779
10.68 14.2779
10.72 14.2779
10.76 14.2779
10.8 14.2779
10.84 14.278
10.88 14.278
10.92 14.278
10.96 14.278
11 14.278
11.04 14.278
11.08 14.2781
11.12 14.2781
11.16 14.2781
11.2 14.2781
11.24 14.2781
11.28 14.2782
11.32 14.2782
11.36 14.2782
11.4 14.2782
11.44 14.2782
11.48 14.2782
11.52 14.2782
11.56 14.2783
11.6 14.2783
11.64 14.2783
11.68 14.2783
11.72 14.2783
11.76 14.2783
11.8 14.2784
11.84 14.2784
11.88 14.2784
11.92 14.2784
11.96 14.2784
12 14.2784
12.04 14.2784
12.08 14.2785
12.12 14.2785
12.16 14.2785
12.2 14.2785
12.24 14.2785
12.28 14.2785
12.32 14.2785
12.36 14.2785
12.4 14.2786
12.44 14.2786
12.48 14.2786
12.52 14.2786
12.56 14.2786
12.6 14.2786
12.64 14.2786
12.68 14.2787
12.72 14.2787
12.76 14.2787
12.8 14.2787
12.84 14.2787
12.88 14.2787
12.92 14.2787
12.96 14.2787
13 14.2787
13.04 14.2788
13.08 14.2788
13.12 14.2788
13.16 14.2788
13.2 14.2788
13.24 14.2788
13.28 14.2788
13.32 14.2788
13.36 14.2788
13.4 14.2789
13.44 14.2789
13.48 14.2789
13.52 14.2789
13.56 14.2789
13.6 14.2789
13.64 14.2789
13.68 14.2789
13.72 14.2789
13.76 14.279
13.8 14.279
13.84 14.279
13.88 14.279
13.92 14.279
13.96 14.279
14 14.279
14.04 14.279
14.08 14.279
14.12 14.279
14.16 14.2791
14.2 14.2791
14.24 14.2791
14.28 14.2791
14.32 14.2791
14.36 14.2791
14.4 14.2791
14.44 14.2791
14.48 14.2791
14.52 14.2791
14.56 14.2791
14.6 14.2792
14.64 14.2792
14.68 14.2792
14.72 14.2792
14.76 14.2792
14.8 14.2792
14.84 14.2792
14.88 14.2792
14.92 14.2792
14.96 14.2792
15 14.2792
15.04 14.2792
15.08 14.2793
15.12 14.2793
15.16 14.2793
15.2 14.2793
15.24 14.2793
15.28 14.2793
15.32 14.2793
15.36 14.2793
15.4 14.2793
15.44 14.2793
15.48 14.2793
15.52 14.2793
15.56 14.2793
15.6 14.2794
15.64 14.2794
15.68 14.2794
15.72 14.2794
15.76 14.2794
15.8 14.2794
15.84 14.2794
15.88 14.2794
15.92 14.2794
15.96 14.2794
16 14.2794
16.04 14.2794
16.08 14.2794
16.12 14.2794
16.16 14.2794
16.2 14.2795
16.24 14.2795
16.28 14.2795
16.32 14.2795
16.36 14.2795
16.4 14.2795
16.44 14.2795
16.48 14.2795
16.52 14.2795
16.56 14.2795
16.6 14.2795
16.64 14.2795
16.68 14.2795
16.72 14.2795
16.76 14.2795
16.8 14.2795
16.84 14.2796
16.88 14.2796
16.92 14.2796
16.96 14.2796
17 14.2796
17.04 14.2796
17.08 14.2796
17.12 14.2796
17.16 14.2796
17.2 14.2796
17.24 14.2796
17.28 14.2796
17.32 14.2796
17.36 14.2796
17.4 14.2796
17.44 14.2796
17.48 14.2796
17.52 14.2797
17.56 14.2797
17.6 14.2797
17.64 14.2797
17.68 14.2797
17.72 14.2797
17.76 14.2797
17.8 14.2797
17.84 14.2797
17.88 14.2797
17.92 14.2797
17.96 14.2797
18 14.2797
18.04 14.2797
18.08 14.2797
18.12 14.2797
18.16 14.2797
18.2 14.2797
18.24 14.2797
18.28 14.2797
18.32 14.2798
18.36 14.2798
18.4 14.2798
18.44 14.2798
18.48 14.2798
18.52 14.2798
18.56 14.2798
18.6 14.2798
18.64 14.2798
18.68 14.2798
18.72 14.2798
18.76 14.2798
18.8 14.2798
18.84 14.2798
18.88 14.2798
18.92 14.2798
18.96 14.2798
19 14.2798
19.04 14.2798
19.08 14.2798
19.12 14.2798
19.16 14.2798
19.2 14.2799
19.24 14.2799
19.28 14.2799
19.32 14.2799
19.36 14.2799
19.4 14.2799
19.44 14.2799
19.48 14.2799
19.52 14.2799
19.56 14.2799
19.6 14.2799
19.64 14.2799
19.68 14.2799
19.72 14.2799
19.76 14.2799
19.8 14.2799
19.84 14.2799
19.88 14.2799
19.92 14.2799
19.96 14.2799
20 14.2799
20.04 14.2799
20.08 14.2799
20.12 14.2799
20.16 14.2799
20.2 14.2799
20.24 14.28
20.28 14.28
20.32 14.28
20.36 14.28
20.4 14.28
20.44 14.28
20.48 14.28
20.52 14.28
20.56 14.28
20.6 14.28
20.64 14.28
20.68 14.28
20.72 14.28
20.76 14.28
20.8 14.28
20.84 14.28
20.88 14.28
20.92 14.28
20.96 14.28
21 14.28
21.04 14.28
21.08 14.28
21.12 14.28
21.16 14.28
21.2 14.28
21.24 14.28
21.28 14.28
21.32 14.28
21.36 14.28
21.4 14.28
21.44 14.2801
21.48 14.2801
21.52 14.2801
21.56 14.2801
21.6 14.2801
21.64 14.2801
21.68 14.2801
21.72 14.2801
21.76 14.2801
21.8 14.2801
21.84 14.2801
21.88 14.2801
21.92 14.2801
21.96 14.2801
22 14.2801
22.04 14.2801
22.08 14.2801
22.12 14.2801
22.16 14.2801
22.2 14.2801
22.24 14.2801
22.28 14.2801
22.32 14.2801
22.36 14.2801
22.4 14.2801
22.44 14.2801
22.48 14.2801
22.52 14.2801
22.56 14.2801
22.6 14.2801
22.64 14.2801
22.68 14.2801
22.72 14.2801
22.76 14.2801
22.8 14.2801
22.84 14.2802
22.88 14.2802
22.92 14.2802
22.96 14.2802
23 14.2802
23.04 14.2802
23.08 14.2802
23.12 14.2802
23.16 14.2802
23.2 14.2802
23.24 14.2802
23.28 14.2802
23.32 14.2802
23.36 14.2802
23.4 14.2802
23.44 14.2802
23.48 14.2802
23.52 14.2802
23.56 14.2802
23.6 14.2802
23.64 14.2802
23.68 14.2802
23.72 14.2802
23.76 14.2802
23.8 14.2802
23.84 14.2802
23.88 14.2802
23.92 14.2802
23.96 14.2802
24 14.2802
24.04 14.2802
24.08 14.2802
24.12 14.2802
24.16 14.2802
24.2 14.2802
24.24 14.2802
24.28 14.2802
24.32 14.2802
24.36 14.2802
24.4 14.2802
24.44 14.2802
24.48 14.2802
24.52 14.2803
24.56 14.2803
24.6 14.2803
24.64 14.2803
24.68 14.2803
24.72 14.2803
24.76 14.2803
24.8 14.2803
24.84 14.2803
24.88 14.2803
24.92 14.2803
24.96 14.2803
25 14.2803
25.04 14.2803
25.08 14.2803
25.12 14.2803
25.16 14.2803
25.2 14.2803
25.24 14.2803
25.28 14.2803
25.32 14.2803
25.36 14.2803
25.4 14.2803
25.44 14.2803
25.48 14.2803
25.52 14.2803
25.56 14.2803
25.6 14.2803
25.64 14.2803
25.68 14.2803
25.72 14.2803
25.76 14.2803
25.8 14.2803
25.84 14.2803
25.88 14.2803
25.92 14.2803
25.96 14.2803
26 14.2803
26.04 14.2803
26.08 14.2803
26.12 14.2803
26.16 14.2803
26.2 14.2803
26.24 14.2803
26.28 14.2803
26.32 14.2803
26.36 14.2803
26.4 14.2803
26.44 14.2803
26.48 14.2803
26.52 14.2803
26.56 14.2803
26.6 14.2803
26.64 14.2803
26.68 14.2804
26.72 14.2804
26.76 14.2804
26.8 14.2804
26.84 14.2804
26.88 14.2804
26.92 14.2804
26.96 14.2804
27 14.2804
27.04 14.2804
27.08 14.2804
27.12 14.2804
27.16 14.2804
27.2 14.2804
27.24 14.2804
27.28 14.2804
27.32 14.2804
27.36 14.2804
27.4 14.2804
27.44 14.2804
27.48 14.2804
27.52 14.2804
27.56 14.2804
27.6 14.2804
27.64 14.2804
27.68 14.2804
27.72 14.2804
27.76 14.2804
27.8 14.2804
27.84 14.2804
27.88 14.2804
27.92 14.2804
27.96 14.2804
28 14.2804
28.04 14.2804
28.08 14.2804
28.12 14.2804
28.16 14.2804
28.2 14.2804
28.24 14.2804
28.28 14.2804
28.32 14.2804
28.36 14.2804
28.4 14.2804
28.44 14.2804
28.48 14.2804
28.52 14.2804
28.56 14.2804
28.6 14.2804
28.64 14.2804
28.68 14.2804
28.72 14.2804
28.76 14.2804
28.8 14.2804
28.84 14.2804
28.88 14.2804
28.92 14.2804
28.96 14.2804
29 14.2804
29.04 14.2804
29.08 14.2804
29.12 14.2804
29.16 14.2804
29.2 14.2804
29.24 14.2804
29.28 14.2804
29.32 14.2804
29.36 14.2804
29.4 14.2804
29.44 14.2805
29.48 14.2805
29.52 14.2805
29.56 14.2805
29.6 14.2805
29.64 14.2805
29.68 14.2805
29.72 14.2805
29.76 14.2805
29.8 14.2805
29.84 14.2805
29.88 14.2805
29.92 14.2805
29.96 14.2805
30 14.2805
30.04 14.2805
30.08 14.2805
30.12 14.2805
30.16 14.2805
30.2 14.2805
30.24 14.2805
30.28 14.2805
30.32 14.2805
30.36 14.2805
30.4 14.2805
30.44 14.2805
30.48 14.2805
30.52 14.2805
30.56 14.2805
30.6 14.2805
30.64 14.2805
30.68 14.2805
30.72 14.2805
30.76 14.2805
30.8 14.2805
30.84 14.2805
30.88 14.2805
30.92 14.2805
30.96 14.2805
31 14.2805
31.04 14.2805
31.08 14.2805
31.12 14.2805
31.16 14.2805
31.2 14.2805
31.24 14.2805
31.28 14.2805
31.32 14.2805
31.36 14.2805
31.4 14.2805
31.44 14.2805
31.48 14.2805
31.52 14.2805
31.56 14.2805
31.6 14.2805
31.64 14.2805
31.68 14.2805
31.72 14.2805
31.76 14.2805
31.8 14.2805
31.84 14.2805
31.88 14.2805
31.92 14.2805
31.96 14.2805
32 14.2805
32.04 14.2805
32.08 14.2805
32.12 14.2805
32.16 14.2805
32.2 14.2805
32.24 14.2805
32.28 14.2805
32.32 14.2805
32.36 14.2805
32.4 14.2805
32.44 14.2805
32.48 14.2805
32.52 14.2805
32.56 14.2805
32.6 14.2805
32.64 14.2805
32.68 14.2805
32.72 14.2805
32.76 14.2805
32.8 14.2805
32.84 14.2805
32.88 14.2805
32.92 14.2805
32.96 14.2805
33 14.2805
33.04 14.2805
33.08 14.2805
33.12 14.2805
33.16 14.2805
33.2 14.2806
33.24 14.2806
33.28 14.2806
33.32 14.2806
33.36 14.2806
33.4 14.2806
33.44 14.2806
33.48 14.2806
33.52 14.2806
33.56 14.2806
33.6 14.2806
33.64 14.2806
33.68 14.2806
33.72 14.2806
33.76 14.2806
33.8 14.2806
33.84 14.2806
33.88 14.2806
33.92 14.2806
33.96 14.2806
34 14.2806
34.04 14.2806
34.08 14.2806
34.12 14.2806
34.16 14.2806
34.2 14.2806
34.24 14.2806
34.28 14.2806
34.32 14.2806
34.36 14.2806
34.4 14.2806
34.44 14.2806
34.48 14.2806
34.52 14.2806
34.56 14.2806
34.6 14.2806
34.64 14.2806
34.68 14.2806
34.72 14.2806
34.76 14.2806
34.8 14.2806
34.84 14.2806
34.88 14.2806
34.92 14.2806
34.96 14.2806
35 14.2806
35.04 14.2806
35.08 14.2806
35.12 14.2806
35.16 14.2806
35.2 14.2806
35.24 14.2806
35.28 14.2806
35.32 14.2806
35.36 14.2806
35.4 14.2806
35.44 14.2806
35.48 14.2806
35.52 14.2806
35.56 14.2806
35.6 14.2806
35.64 14.2806
35.68 14.2806
35.72 14.2806
35.76 14.2806
35.8 14.2806
35.84 14.2806
35.88 14.2806
35.92 14.2806
35.96 14.2806
36 14.2806
36.04 14.2806
36.08 14.2806
36.12 14.2806
36.16 14.2806
36.2 14.2806
36.24 14.2806
36.28 14.2806
36.32 14.2806
36.36 14.2806
36.4 14.2806
36.44 14.2806
36.48 14.2806
36.52 14.2806
36.56 14.2806
36.6 14.2806
36.64 14.2806
36.68 14.2806
36.72 14.2806
36.76 14.2806
36.8 14.2806
36.84 14.2806
36.88 14.2806
36.92 14.2806
36.96 14.2806
37 14.2806
37.04 14.2806
37.08 14.2806
37.12 14.2806
37.16 14.2806
37.2 14.2806
37.24 14.2806
37.28 14.2806
37.32 14.2806
37.36 14.2806
37.4 14.2806
37.44 14.2806
37.48 14.2806
37.52 14.2806
37.56 14.2806
37.6 14.2806
37.64 14.2806
37.68 14.2806
37.72 14.2806
37.76 14.2806
37.8 14.2806
37.84 14.2806
37.88 14.2806
37.92 14.2806
37.96 14.2806
38 14.2806
38.04 14.2806
38.08 14.2806
38.12 14.2806
38.16 14.2806
38.2 14.2806
38.24 14.2806
38.28 14.2806
38.32 14.2806
38.36 14.2806
38.4 14.2806
38.44 14.2806
38.48 14.2806
38.52 14.2806
38.56 14.2806
38.6 14.2806
38.64 14.2806
38.68 14.2806
38.72 14.2806
38.76 14.2806
38.8 14.2806
38.84 14.2806
38.88 14.2807
38.92 14.2807
38.96 14.2807
39 14.2807
39.04 14.2807
39.08 14.2807
39.12 14.2807
39.16 14.2807
39.2 14.2807
39.24 14.2807
39.28 14.2807
39.32 14.2807
39.36 14.2807
39.4 14.2807
39.44 14.2807
39.48 14.2807
39.52 14.2807
39.56 14.2807
39.6 14.2807
39.64 14.2807
39.68 14.2807
39.72 14.2807
39.76 14.2807
39.8 14.2807
39.84 14.2807
39.88 14.2807
39.92 14.2807
39.96 14.2807
40 14.2807
40.04 14.2807
40.08 14.2807
40.12 14.2807
40.16 14.2807
40.2 14.2807
40.24 14.2807
40.28 14.2807
40.32 14.2807
40.36 14.2807
40.4 14.2807
40.44 14.2807
40.48 14.2807
40.52 14.2807
40.56 14.2807
40.6 14.2807
40.64 14.2807
40.68 14.2807
40.72 14.2807
40.76 14.2807
40.8 14.2807
40.84 14.2807
40.88 14.2807
40.92 14.2807
40.96 14.2807
41 14.2807
41.04 14.2807
41.08 14.2807
41.12 14.2807
41.16 14.2807
41.2 14.2807
41.24 14.2807
41.28 14.2807
41.32 14.2807
41.36 14.2807
41.4 14.2807
41.44 14.2807
41.48 14.2807
41.52 14.2807
41.56 14.2807
41.6 14.2807
41.64 14.2807
41.68 14.2807
41.72 14.2807
41.76 14.2807
41.8 14.2807
41.84 14.2807
41.88 14.2807
41.92 14.2807
41.96 14.2807
42 14.2807
42.04 14.2807
42.08 14.2807
42.12 14.2807
42.16 14.2807
42.2 14.2807
42.24 14.2807
42.28 14.2807
42.32 14.2807
42.36 14.2807
42.4 14.2807
42.44 14.2807
42.48 14.2807
42.52 14.2807
42.56 14.2807
42.6 14.2807
42.64 14.2807
42.68 14.2807
42.72 14.2807
42.76 14.2807
42.8 14.2807
42.84 14.2807
42.88 14.2807
42.92 14.2807
42.96 14.2807
43 14.2807
43.04 14.2807
43.08 14.2807
43.12 14.2807
43.16 14.2807
43.2 14.2807
43.24 14.2807
43.28 14.2807
43.32 14.2807
43.36 14.2807
43.4 14.2807
43.44 14.2807
43.48 14.2807
43.52 14.2807
43.56 14.2807
43.6 14.2807
43.64 14.2807
43.68 14.2807
43.72 14.2807
43.76 14.2807
43.8 14.2807
43.84 14.2807
43.88 14.2807
43.92 14.2807
43.96 14.2807
44 14.2807
44.04 14.2807
44.08 14.2807
44.12 14.2807
44.16 14.2807
44.2 14.2807
44.24 14.2807
44.28 14.2807
44.32 14.2807
44.36 14.2807
44.4 14.2807
44.44 14.2807
44.48 14.2807
44.52 14.2807
44.56 14.2807
44.6 14.2807
44.64 14.2807
44.68 14.2807
44.72 14.2807
44.76 14.2807
44.8 14.2807
44.84 14.2807
44.88 14.2807
44.92 14.2807
44.96 14.2807
45 14.2807
45.04 14.2807
45.08 14.2807
45.12 14.2807
45.16 14.2807
45.2 14.2807
45.24 14.2807
45.28 14.2807
45.32 14.2807
45.36 14.2807
45.4 14.2807
45.44 14.2807
45.48 14.2807
45.52 14.2807
45.56 14.2807
45.6 14.2807
45.64 14.2807
45.68 14.2807
45.72 14.2807
45.76 14.2807
45.8 14.2807
45.84 14.2807
45.88 14.2807
45.92 14.2807
45.96 14.2807
46 14.2807
46.04 14.2807
46.08 14.2807
46.12 14.2807
46.16 14.2807
46.2 14.2807
46.24 14.2807
46.28 14.2807
46.32 14.2807
46.36 14.2807
46.4 14.2807
46.44 14.2807
46.48 14.2807
46.52 14.2807
46.56 14.2807
46.6 14.2807
46.64 14.2807
46.68 14.2807
46.72 14.2807
46.76 14.2807
46.8 14.2807
46.84 14.2807
46.88 14.2807
46.92 14.2807
46.96 14.2807
47 14.2807
47.04 14.2807
47.08 14.2807
47.12 14.2807
47.16 14.2807
47.2 14.2807
47.24 14.2807
47.28 14.2807
47.32 14.2807
47.36 14.2807
47.4 14.2807
47.44 14.2807
47.48 14.2807
47.52 14.2807
47.56 14.2807
47.6 14.2807
47.64 14.2807
47.68 14.2807
47.72 14.2807
47.76 14.2807
47.8 14.2807
47.84 14.2807
47.88 14.2807
47.92 14.2807
47.96 14.2807
48 14.2807
48.04 14.2807
48.08 14.2807
48.12 14.2807
48.16 14.2807
48.2 14.2807
48.24 14.2807
48.28 14.2807
48.32 14.2807
48.36 14.2807
48.4 14.2807
48.44 14.2807
48.48 14.2807
48.52 14.2807
48.56 14.2807
48.6 14.2807
48.64 14.2807
48.68 14.2807
48.72 14.2807
48.76 14.2808
48.8 14.2808
48.84 14.2808
48.88 14.2808
48.92 14.2808
48.96 14.2808
49 14.2808
49.04 14.2808
49.08 14.2808
49.12 14.2808
49.16 14.2808
49.2 14.2808
49.24 14.2808
49.28 14.2808
49.32 14.2808
49.36 14.2808
49.4 14.2808
49.44 14.2808
49.48 14.2808
49.52 14.2808
49.56 14.2808
49.6 14.2808
49.64 14.2808
49.68 14.2808
49.72 14.2808
49.76 14.2808
49.8 14.2808
49.84 14.2808
49.88 14.2808
49.92 14.2808
49.96 14.2808
50 14.2808
50.04 14.2808
50.08 14.2808
50.12 14.2808
50.16 14.2808
50.2 14.2808
50.24 14.2808
50.28 14.2808
50.32 14.2808
50.36 14.2808
50.4 14.2808
50.44 14.2808
50.48 14.2808
50.52 14.2808
50.56 14.2808
50.6 14.2808
50.64 14.2808
50.68 14.2808
50.72 14.2808
50.76 14.2808
50.8 14.2808
50.84 14.2808
50.88 14.2808
50.92 14.2808
50.96 14.2808
51 14.2808
51.04 14.2808
51.08 14.2808
51.12 14.2808
51.16 14.2808
51.2 14.2808
51.24 14.2808
51.28 14.2808
51.32 14.2808
51.36 14.2808
51.4 14.2808
51.44 14.2808
51.48 14.2808
51.52 14.2808
51.56 14.2808
51.6 14.2808
51.64 14.2808
51.68 14.2808
51.72 14.2808
51.76 14.2808
51.8 14.2808
51.84 14.2808
51.88 14.2808
51.92 14.2808
51.96 14.2808
52 14.2808
52.04 14.2808
52.08 14.2808
52.12 14.2808
52.16 14.2808
52.2 14.2808
52.24 14.2808
52.28 14.2808
52.32 14.2808
52.36 14.2808
52.4 14.2808
52.44 14.2808
52.48 14.2808
52.52 14.2808
52.56 14.2808
52.6 14.2808
52.64 14.2808
52.68 14.2808
52.72 14.2808
52.76 14.2808
52.8 14.2808
52.84 14.2808
52.88 14.2808
52.92 14.2808
52.96 14.2808
53 14.2808
53.04 14.2808
53.08 14.2808
53.12 14.2808
53.16 14.2808
53.2 14.2808
53.24 14.2808
53.28 14.2808
53.32 14.2808
53.36 14.2808
53.4 14.2808
53.44 14.2808
53.48 14.2808
53.52 14.2808
53.56 14.2808
53.6 14.2808
53.64 14.2808
53.68 14.2808
53.72 14.2808
53.76 14.2808
53.8 14.2808
53.84 14.2808
53.88 14.2808
53.92 14.2808
53.96 14.2808
54 14.2808
54.04 14.2808
54.08 14.2808
54.12 14.2808
54.16 14.2808
54.2 14.2808
54.24 14.2808
54.28 14.2808
54.32 14.2808
54.36 14.2808
54.4 14.2808
54.44 14.2808
54.48 14.2808
54.52 14.2808
54.56 14.2808
54.6 14.2808
54.64 14.2808
54.68 14.2808
54.72 14.2808
54.76 14.2808
54.8 14.2808
54.84 14.2808
54.88 14.2808
54.92 14.2808
54.96 14.2808
55 14.2808
55.04 14.2808
55.08 14.2808
55.12 14.2808
55.16 14.2808
55.2 14.2808
55.24 14.2808
55.28 14.2808
55.32 14.2808
55.36 14.2808
55.4 14.2808
55.44 14.2808
55.48 14.2808
55.52 14.2808
55.56 14.2808
55.6 14.2808
55.64 14.2808
55.68 14.2808
55.72 14.2808
55.76 14.2808
55.8 14.2808
55.84 14.2808
55.88 14.2808
55.92 14.2808
55.96 14.2808
56 14.2808
56.04 14.2808
56.08 14.2808
56.12 14.2808
56.16 14.2808
56.2 14.2808
56.24 14.2808
56.28 14.2808
56.32 14.2808
56.36 14.2808
56.4 14.2808
56.44 14.2808
56.48 14.2808
56.52 14.2808
56.56 14.2808
56.6 14.2808
56.64 14.2808
56.68 14.2808
56.72 14.2808
56.76 14.2808
56.8 14.2808
56.84 14.2808
56.88 14.2808
56.92 14.2808
56.96 14.2808
57 14.2808
57.04 14.2808
57.08 14.2808
57.12 14.2808
57.16 14.2808
57.2 14.2808
57.24 14.2808
57.28 14.2808
57.32 14.2808
57.36 14.2808
57.4 14.2808
57.44 14.2808
57.48 14.2808
57.52 14.2808
57.56 14.2808
57.6 14.2808
57.64 14.2808
57.68 14.2808
57.72 14.2808
57.76 14.2808
57.8 14.2808
57.84 14.2808
57.88 14.2808
57.92 14.2808
57.96 14.2808
58 14.2808
58.04 14.2808
58.08 14.2808
58.12 14.2808
58.16 14.2808
58.2 14.2808
58.24 14.2808
58.28 14.2808
58.32 14.2808
58.36 14.2808
58.4 14.2808
58.44 14.2808
58.48 14.2808
58.52 14.2808
58.56 14.2808
58.6 14.2808
58.64 14.2808
58.68 14.2808
58.72 14.2808
58.76 14.2808
58.8 14.2808
58.84 14.2808
58.88 14.2808
58.92 14.2808
58.96 14.2808
59 14.2808
59.04 14.2808
59.08 14.2808
59.12 14.2808
59.16 14.2808
59.2 14.2808
59.24 14.2808
59.28 14.2808
59.32 14.2808
59.36 14.2808
59.4 14.2808
59.44 14.2808
59.48 14.2808
59.52 14.2808
59.56 14.2808
59.6 14.2808
59.64 14.2808
59.68 14.2808
59.72 14.2808
59.76 14.2808
59.8 14.2808
59.84 14.2808
59.88 14.2808
59.92 14.2808
59.96 14.2808
60 14.2808
__settings__ -1 9 2 0 1 1
L(1,2) [nH]
0.04 14.4712
0.08 14.379
0.12 14.3301
0.16 14.3054
0.2 14.292
0.24 14.2841
0.28 14.2791
0.32 14.2757
0.36 14.2734
0.4 14.2717
0.44 14.2704
0.48 14.2695
0.52 14.2687
0.56 14.2681
0.6 14.2677
0.64 14.2673
0.68 14.267
0.72 14.2667
0.76 14.2665
0.8 14.2664
0.84 14.2662
0.88 14.2661
0.92 14.266
0.96 14.266
1 14.2659
1.04 14.2659
1.08 14.2658
1.12 14.2658
1.16 14.2658
1.2 14.2658
1.24 14.2658
1.28 14.2658
1.32 14.2658
1.36 14.2659
1.4 14.2659
1.44 14.2659
1.48 14.2659
1.52 14.266
1.56 14.266
1.6 14.2661
1.64 14.2661
1.68 14.2662
1.72 14.2662
1.76 14.2663
1.8 14.2663
1.84 14.2664
1.88 14.2665
1.92 14.2665
1.96 14.2666
2 14.2667
2.04 14.2667
2.08 14.2668
2.12 14.2669
2.16 14.2669
2.2 14.267
2.24 14.2671
2.28 14.2672
2.32 14.2672
2.36 14.2673
2.4 14.2674
2.44 14.2675
2.48 14.2676
2.52 14.2676
2.56 14.2677
2.6 14.2678
2.64 14.2679
2.68 14.268
2.72 14.268
2.76 14.2681
2.8 14.2682
2.84 14.2683
2.88 14.2684
2.92 14.2685
2.96 14.2685
3 14.2686
3.04 14.2687
3.08 14.2688
3.12 14.2689
3.16 14.269
3.2 14.269
3.24 14.2691
3.28 14.2692
3.32 14.2693
3.36 14.2694
3.4 14.2695
3.44 14.2695
3.48 14.2696
3.52 14.2697
3.56 14.2698
3.6 14.2699
3.64 14.27
3.68 14.27
3.72 14.2701
3.76 14.2702
3.8 14.2703
3.84 14.2704
3.88 14.2704
3.92 14.2705
3.96 14.2706
4 14.2707
4.04 14.2708
4.08 14.2708
4.12 14.2709
4.16 14.271
4.2 14.2711
4.24 14.2711
4.28 14.2712
4.32 14.2713
4.36 14.2714
4.4 14.2714
4.44 14.2715
4.48 14.2716
4.52 14.2717
4.56 14.2717
4.6 14.2718
4.64 14.2719
4.68 14.272
4.72 14.272
4.76 14.2721
4.8 14.2722
4.84 14.2722
4.88 14.2723
4.92 14.2724
4.96 14.2724
5 14.2725
5.04 14.2726
5.08 14.2726
5.12 14.2727
5.16 14.2728
5.2 14.2728
5.24 14.2729
5.28 14.273
5.32 14.273
5.36 14.2731
5.4 14.2732
5.44 14.2732
5.48 14.2733
5.52 14.2733
5.56 14.2734
5.6 14.2735
5.64 14.2735
5.68 14.2736
5.72 14.2736
5.76 14.2737
5.8 14.2737
5.84 14.2738
5.88 14.2739
5.92 14.2739
5.96 14.274
6 14.274
6.04 14.2741
6.08 14.2741
6.12 14.2742
6.16 14.2742
6.2 14.2743
6.24 14.2743
6.28 14.2744
6.32 14.2744
6.36 14.2745
6.4 14.2745
6.44 14.2746
6.48 14.2746
6.52 14.2747
6.56 14.2747
6.6 14.2748
6.64 14.2748
6.68 14.2749
6.72 14.2749
6.76 14.275
6.8 14.275
6.84 14.2751
6.88 14.2751
6.92 14.2751
6.96 14.2752
7 14.2752
7.04 14.2753
7.08 14.2753
7.12 14.2754
7.16 14.2754
7.2 14.2754
7.24 14.2755
7.28 14.2755
7.32 14.2756
7.36 14.2756
7.4 14.2756
7.44 14.2757
7.48 14.2757
7.52 14.2758
7.56 14.2758
7.6 14.2758
7.64 14.2759
7.68 14.2759
7.72 14.2759
7.76 14.276
7.8 14.276
7.84 14.276
7.88 14.2761
7.92 14.2761
7.96 14.2762
8 14.2762
8.04 14.2762
8.08 14.2763
8.12 14.2763
8.16 14.2763
8.2 14.2764
8.24 14.2764
8.28 14.2764
8.32 14.2764
8.36 14.2765
8.4 14.2765
8.44 14.2765
8.48 14.2766
8.52 14.2766
8.56 14.2766
8.6 14.2767
8.64 14.2767
8.68 14.2767
8.72 14.2767
8.76 14.2768
8.8 14.2768
8.84 14.2768
8.88 14.2769
8.92 14.2769
8.96 14.2769
9 14.2769
9.04 14.277
9.08 14.277
9.12 14.277
9.16 14.277
9.2 14.2771
9.24 14.2771
9.28 14.2771
9.32 14.2772
9.36 14.2772
9.4 14.2772
9.44 14.2772
9.48 14.2772
9.52 14.2773
9.56 14.2773
9.6 14.2773
9.64 14.2773
9.68 14.2774
9.72 14.2774
9.76 14.2774
9.8 14.2774
9.84 14.2775
9.88 14.2775
9.92 14.2775
9.96 14.2775
10 14.2775
10.04 14.2776
10.08 14.2776
10.12 14.2776
10.16 14.2776
10.2 14.2777
10.24 14.2777
10.28 14.2777
10.32 14.2777
10.36 14.2777
10.4 14.2778
10.44 14.2778
10.48 14.2778
10.52 14.2778
10.56 14.2778
10.6 14.2779
10.64 14.2779
10.68 14.2779
10.72 14.2779
10.76 14.2779
10.8 14.2779
10.84 14.278
10.88 14.278
10.92 14.278
10.96 14.278
11 14.278
11.04 14.278
11.08 14.2781
11.12 14.2781
11.16 14.2781
11.2 14.2781
11.24 14.2781
11.28 14.2782
11.32 14.2782
11.36 14.2782
11.4 14.2782
11.44 14.2782
11.48 14.2782
11.52 14.2782
11.56 14.2783
11.6 14.2783
11.64 14.2783
11.68 14.2783
11.72 14.2783
11.76 14.2783
11.8 14.2784
11.84 14.2784
11.88 14.2784
11.92 14.2784
11.96 14.2784
12 14.2784
12.04 14.2784
12.08 14.2785
12.12 14.2785
12.16 14.2785
12.2 14.2785
12.24 14.2785
12.28 14.2785
12.32 14.2785
12.36 14.2785
12.4 14.2786
12.44 14.2786
12.48 14.2786
12.52 14.2786
12.56 14.2786
12.6 14.2786
12.64 14.2786
12.68 14.2787
12.72 14.2787
12.76 14.2787
12.8 14.2787
12.84 14.2787
12.88 14.2787
12.92 14.2787
12.96 14.2787
13 14.2787
13.04 14.2788
13.08 14.2788
13.12 14.2788
13.16 14.2788
13.2 14.2788
13.24 14.2788
13.28 14.2788
13.32 14.2788
13.36 14.2788
13.4 14.2789
13.44 14.2789
13.48 14.2789
13.52 14.2789
13.56 14.2789
13.6 14.2789
13.64 14.2789
13.68 14.2789
13.72 14.2789
13.76 14.279
13.8 14.279
13.84 14.279
13.88 14.279
13.92 14.279
13.96 14.279
14 14.279
14.04 14.279
14.08 14.279
14.12 14.279
14.16 14.2791
14.2 14.2791
14.24 14.2791
14.28 14.2791
14.32 14.2791
14.36 14.2791
14.4 14.2791
14.44 14.2791
14.48 14.2791
14.52 14.2791
14.56 14.2791
14.6 14.2792
14.64 14.2792
14.68 14.2792
14.72 14.2792
14.76 14.2792
14.8 14.2792
14.84 14.2792
14.88 14.2792
14.92 14.2792
14.96 14.2792
15 14.2792
15.04 14.2792
15.08 14.2793
15.12 14.2793
15.16 14.2793
15.2 14.2793
15.24 14.2793
15.28 14.2793
15.32 14.2793
15.36 14.2793
15.4 14.2793
15.44 14.2793
15.48 14.2793
15.52 14.2793
15.56 14.2793
15.6 14.2794
15.64 14.2794
15.68 14.2794
15.72 14.2794
15.76 14.2794
15.8 14.2794
15.84 14.2794
15.88 14.2794
15.92 14.2794
15.96 14.2794
16 14.2794
16.04 14.2794
16.08 14.2794
16.12 14.2794
16.16 14.2794
16.2 14.2795
16.24 14.2795
16.28 14.2795
16.32 14.2795
16.36 14.2795
16.4 14.2795
16.44 14.2795
16.48 14.2795
16.52 14.2795
16.56 14.2795
16.6 14.2795
16.64 14.2795
16.68 14.2795
16.72 14.2795
16.76 14.2795
16.8 14.2795
16.84 14.2796
16.88 14.2796
16.92 14.2796
16.96 14.2796
17 14.2796
17.04 14.2796
17.08 14.2796
17.12 14.2796
17.16 14.2796
17.2 14.2796
17.24 14.2796
17.28 14.2796
17.32 14.2796
17.36 14.2796
17.4 14.2796
17.44 14.2796
17.48 14.2796
17.52 14.2797
17.56 14.2797
17.6 14.2797
17.64 14.2797
17.68 14.2797
17.72 14.2797
17.76 14.2797
17.8 14.2797
17.84 14.2797
17.88 14.2797
17.92 14.2797
17.96 14.2797
18 14.2797
18.04 14.2797
18.08 14.2797
18.12 14.2797
18.16 14.2797
18.2 14.2797
18.24 14.2797
18.28 14.2797
18.32 14.2798
18.36 14.2798
18.4 14.2798
18.44 14.2798
18.48 14.2798
18.52 14.2798
18.56 14.2798
18.6 14.2798
18.64 14.2798
18.68 14.2798
18.72 14.2798
18.76 14.2798
18.8 14.2798
18.84 14.2798
18.88 14.2798
18.92 14.2798
18.96 14.2798
19 14.2798
19.04 14.2798
19.08 14.2798
19.12 14.2798
19.16 14.2798
19.2 14.2799
19.24 14.2799
19.28 14.2799
19.32 14.2799
19.36 14.2799
19.4 14.2799
19.44 14.2799
19.48 14.2799
19.52 14.2799
19.56 14.2799
19.6 14.2799
19.64 14.2799
19.68 14.2799
19.72 14.2799
19.76 14.2799
19.8 14.2799
19.84 14.2799
19.88 14.2799
19.92 14.2799
19.96 14.2799
20 14.2799
20.04 14.2799
20.08 14.2799
20.12 14.2799
20.16 14.2799
20.2 14.2799
20.24 14.28
20.28 14.28
20.32 14.28
20.36 14.28
20.4 14.28
20.44 14.28
20.48 14.28
20.52 14.28
20.56 14.28
20.6 14.28
20.64 14.28
20.68 14.28
20.72 14.28
20.76 14.28
20.8 14.28
20.84 14.28
20.88 14.28
20.92 14.28
20.96 14.28
21 14.28
21.04 14.28
21.08 14.28
21.12 14.28
21.16 14.28
21.2 14.28
21.24 14.28
21.28 14.28
21.32 14.28
21.36 14.28
21.4 14.28
21.44 14.2801
21.48 14.2801
21.52 14.2801
21.56 14.2801
21.6 14.2801
21.64 14.2801
21.68 14.2801
21.72 14.2801
21.76 14.2801
21.8 14.2801
21.84 14.2801
21.88 14.2801
21.92 14.2801
21.96 14.2801
22 14.2801
22.04 14.2801
22.08 14.2801
22.12 14.2801
22.16 14.2801
22.2 14.2801
22.24 14.2801
22.28 14.2801
22.32 14.2801
22.36 14.2801
22.4 14.2801
22.44 14.2801
22.48 14.2801
22.52 14.2801
22.56 14.2801
22.6 14.2801
22.64 14.2801
22.68 14.2801
22.72 14.2801
22.76 14.2801
22.8 14.2801
22.84 14.2802
22.88 14.2802
22.92 14.2802
22.96 14.2802
23 14.2802
23.04 14.2802
23.08 14.2802
23.12 14.2802
23.16 14.2802
23.2 14.2802
23.24 14.2802
23.28 14.2802
23.32 14.2802
23.36 14.2802
23.4 14.2802
23.44 14.2802
23.48 14.2802
23.52 14.2802
23.56 14.2802
23.6 14.2802
23.64 14.2802
23.68 14.2802
23.72 14.2802
23.76 14.2802
23.8 14.2802
23.84 14.2802
23.88 14.2802
23.92 14.2802
23.96 14.2802
24 14.2802
24.04 14.2802
24.08 14.2802
24.12 14.2802
24.16 14.2802
24.2 14.2802
24.24 14.2802
24.28 14.2802
24.32 14.2802
24.36 14.2802
24.4 14.2802
24.44 14.2802
24.48 14.2802
24.52 14.2803
24.56 14.2803
24.6 14.2803
24.64 14.2803
24.68 14.2803
24.72 14.2803
24.76 14.2803
24.8 14.2803
24.84 14.2803
24.88 14.2803
24.92 14.2803
24.96 14.2803
25 14.2803
25.04 14.2803
25.08 14.2803
25.12 14.2803
25.16 14.2803
25.2 14.2803
25.24 14.2803
25.28 14.2803
25.32 14.2803
25.36 14.2803
25.4 14.2803
25.44 14.2803
25.48 14.2803
25.52 14.2803
25.56 14.2803
25.6 14.2803
25.64 14.2803
25.68 14.2803
25.72 14.2803
25.76 14.2803
25.8 14.2803
25.84 14.2803
25.88 14.2803
25.92 14.2803
25.96 14.2803
26 14.2803
26.04 14.2803
26.08 14.2803
26.12 14.2803
26.16 14.2803
26.2 14.2803
26.24 14.2803
26.28 14.2803
26.32 14.2803
26.36 14.2803
26.4 14.2803
26.44 14.2803
26.48 14.2803
26.52 14.2803
26.56 14.2803
26.6 14.2803
26.64 14.2803
26.68 14.2804
26.72 14.2804
26.76 14.2804
26.8 14.2804
26.84 14.2804
26.88 14.2804
26.92 14.2804
26.96 14.2804
27 14.2804
27.04 14.2804
27.08 14.2804
27.12 14.2804
27.16 14.2804
27.2 14.2804
27.24 14.2804
27.28 14.2804
27.32 14.2804
27.36 14.2804
27.4 14.2804
27.44 14.2804
27.48 14.2804
27.52 14.2804
27.56 14.2804
27.6 14.2804
27.64 14.2804
27.68 14.2804
27.72 14.2804
27.76 14.2804
27.8 14.2804
27.84 14.2804
27.88 14.2804
27.92 14.2804
27.96 14.2804
28 14.2804
28.04 14.2804
28.08 14.2804
28.12 14.2804
28.16 14.2804
28.2 14.2804
28.24 14.2804
28.28 14.2804
28.32 14.2804
28.36 14.2804
28.4 14.2804
28.44 14.2804
28.48 14.2804
28.52 14.2804
28.56 14.2804
28.6 14.2804
28.64 14.2804
28.68 14.2804
28.72 14.2804
28.76 14.2804
28.8 14.2804
28.84 14.2804
28.88 14.2804
28.92 14.2804
28.96 14.2804
29 14.2804
29.04 14.2804
29.08 14.2804
29.12 14.2804
29.16 14.2804
29.2 14.2804
29.24 14.2804
29.28 14.2804
29.32 14.2804
29.36 14.2804
29.4 14.2804
29.44 14.2805
29.48 14.2805
29.52 14.2805
29.56 14.2805
29.6 14.2805
29.64 14.2805
29.68 14.2805
29.72 14.2805
29.76 14.2805
29.8 14.2805
29.84 14.2805
29.88 14.2805
29.92 14.2805
29.96 14.2805
30 14.2805
30.04 14.2805
30.08 14.2805
30.12 14.2805
30.16 14.2805
30.2 14.2805
30.24 14.2805
30.28 14.2805
30.32 14.2805
30.36 14.2805
30.4 14.2805
30.44 14.2805
30.48 14.2805
30.52 14.2805
30.56 14.2805
30.6 14.2805
30.64 14.2805
30.68 14.2805
30.72 14.2805
30.76 14.2805
30.8 14.2805
30.84 14.2805
30.88 14.2805
30.92 14.2805
30.96 14.2805
31 14.2805
31.04 14.2805
31.08 14.2805
31.12 14.2805
31.16 14.2805
31.2 14.2805
31.24 14.2805
31.28 14.2805
31.32 14.2805
31.36 14.2805
31.4 14.2805
31.44 14.2805
31.48 14.2805
31.52 14.2805
31.56 14.2805
31.6 14.2805
31.64 14.2805
31.68 14.2805
31.72 14.2805
31.76 14.2805
31.8 14.2805
31.84 14.2805
31.88 14.2805
31.92 14.2805
31.96 14.2805
32 14.2805
32.04 14.2805
32.08 14.2805
32.12 14.2805
32.16 14.2805
32.2 14.2805
32.24 14.2805
32.28 14.2805
32.32 14.2805
32.36 14.2805
32.4 14.2805
32.44 14.2805
32.48 14.2805
32.52 14.2805
32.56 14.2805
32.6 14.2805
32.64 14.2805
32.68 14.2805
32.72 14.2805
32.76 14.2805
32.8 14.2805
32.84 14.2805
32.88 14.2805
32.92 14.2805
32.96 14.2805
33 14.2805
33.04 14.2805
33.08 14.2805
33.12 14.2805
33.16 14.2805
33.2 14.2806
33.24 14.2806
33.28 14.2806
33.32 14.2806
33.36 14.2806
33.4 14.2806
33.44 14.2806
33.48 14.2806
33.52 14.2806
33.56 14.2806
33.6 14.2806
33.64 14.2806
33.68 14.2806
33.72 14.2806
33.76 14.2806
33.8 14.2806
33.84 14.2806
33.88 14.2806
33.92 14.2806
33.96 14.2806
34 14.2806
34.04 14.2806
34.08 14.2806
34.12 14.2806
34.16 14.2806
34.2 14.2806
34.24 14.2806
34.28 14.2806
34.32 14.2806
34.36 14.2806
34.4 14.2806
34.44 14.2806
34.48 14.2806
34.52 14.2806
34.56 14.2806
34.6 14.2806
34.64 14.2806
34.68 14.2806
34.72 14.2806
34.76 14.2806
34.8 14.2806
34.84 14.2806
34.88 14.2806
34.92 14.2806
34.96 14.2806
35 14.2806
35.04 14.2806
35.08 14.2806
35.12 14.2806
35.16 14.2806
35.2 14.2806
35.24 14.2806
35.28 14.2806
35.32 14.2806
35.36 14.2806
35.4 14.2806
35.44 14.2806
35.48 14.2806
35.52 14.2806
35.56 14.2806
35.6 14.2806
35.64 14.2806
35.68 14.2806
35.72 14.2806
35.76 14.2806
35.8 14.2806
35.84 14.2806
35.88 14.2806
35.92 14.2806
35.96 14.2806
36 14.2806
36.04 14.2806
36.08 14.2806
36.12 14.2806
36.16 14.2806
36.2 14.2806
36.24 14.2806
36.28 14.2806
36.32 14.2806
36.36 14.2806
36.4 14.2806
36.44 14.2806
36.48 14.2806
36.52 14.2806
36.56 14.2806
36.6 14.2806
36.64 14.2806
36.68 14.2806
36.72 14.2806
36.76 14.2806
36.8 14.2806
36.84 14.2806
36.88 14.2806
36.92 14.2806
36.96 14.2806
37 14.2806
37.04 14.2806
37.08 14.2806
37.12 14.2806
37.16 14.2806
37.2 14.2806
37.24 14.2806
37.28 14.2806
37.32 14.2806
37.36 14.2806
37.4 14.2806
37.44 14.2806
37.48 14.2806
37.52 14.2806
37.56 14.2806
37.6 14.2806
37.64 14.2806
37.68 14.2806
37.72 14.2806
37.76 14.2806
37.8 14.2806
37.84 14.2806
37.88 14.2806
37.92 14.2806
37.96 14.2806
38 14.2806
38.04 14.2806
38.08 14.2806
38.12 14.2806
38.16 14.2806
38.2 14.2806
38.24 14.2806
38.28 14.2806
38.32 14.2806
38.36 14.2806
38.4 14.2806
38.44 14.2806
38.48 14.2806
38.52 14.2806
38.56 14.2806
38.6 14.2806
38.64 14.2806
38.68 14.2806
38.72 14.2806
38.76 14.2806
38.8 14.2806
38.84 14.2806
38.88 14.2807
38.92 14.2807
38.96 14.2807
39 14.2807
39.04 14.2807
39.08 14.2807
39.12 14.2807
39.16 14.2807
39.2 14.2807
39.24 14.2807
39.28 14.2807
39.32 14.2807
39.36 14.2807
39.4 14.2807
39.44 14.2807
39.48 14.2807
39.52 14.2807
39.56 14.2807
39.6 14.2807
39.64 14.2807
39.68 14.2807
39.72 14.2807
39.76 14.2807
39.8 14.2807
39.84 14.2807
39.88 14.2807
39.92 14.2807
39.96 14.2807
40 14.2807
40.04 14.2807
40.08 14.2807
40.12 14.2807
40.16 14.2807
40.2 14.2807
40.24 14.2807
40.28 14.2807
40.32 14.2807
40.36 14.2807
40.4 14.2807
40.44 14.2807
40.48 14.2807
40.52 14.2807
40.56 14.2807
40.6 14.2807
40.64 14.2807
40.68 14.2807
40.72 14.2807
40.76 14.2807
40.8 14.2807
40.84 14.2807
40.88 14.2807
40.92 14.2807
40.96 14.2807
41 14.2807
41.04 14.2807
41.08 14.2807
41.12 14.2807
41.16 14.2807
41.2 14.2807
41.24 14.2807
41.28 14.2807
41.32 14.2807
41.36 14.2807
41.4 14.2807
41.44 14.2807
41.48 14.2807
41.52 14.2807
41.56 14.2807
41.6 14.2807
41.64 14.2807
41.68 14.2807
41.72 14.2807
41.76 14.2807
41.8 14.2807
41.84 14.2807
41.88 14.2807
41.92 14.2807
41.96 14.2807
42 14.2807
42.04 14.2807
42.08 14.2807
42.12 14.2807
42.16 14.2807
42.2 14.2807
42.24 14.2807
42.28 14.2807
42.32 14.2807
42.36 14.2807
42.4 14.2807
42.44 14.2807
42.48 14.2807
42.52 14.2807
42.56 14.2807
42.6 14.2807
42.64 14.2807
42.68 14.2807
42.72 14.2807
42.76 14.2807
42.8 14.2807
42.84 14.2807
42.88 14.2807
42.92 14.2807
42.96 14.2807
43 14.2807
43.04 14.2807
43.08 14.2807
43.12 14.2807
43.16 14.2807
43.2 14.2807
43.24 14.2807
43.28 14.2807
43.32 14.2807
43.36 14.2807
43.4 14.2807
43.44 14.2807
43.48 14.2807
43.52 14.2807
43.56 14.2807
43.6 14.2807
43.64 14.2807
43.68 14.2807
43.72 14.2807
43.76 14.2807
43.8 14.2807
43.84 14.2807
43.88 14.2807
43.92 14.2807
43.96 14.2807
44 14.2807
44.04 14.2807
44.08 14.2807
44.12 14.2807
44.16 14.2807
44.2 14.2807
44.24 14.2807
44.28 14.2807
44.32 14.2807
44.36 14.2807
44.4 14.2807
44.44 14.2807
44.48 14.2807
44.52 14.2807
44.56 14.2807
44.6 14.2807
44.64 14.2807
44.68 14.2807
44.72 14.2807
44.76 14.2807
44.8 14.2807
44.84 14.2807
44.88 14.2807
44.92 14.2807
44.96 14.2807
45 14.2807
45.04 14.2807
45.08 14.2807
45.12 14.2807
45.16 14.2807
45.2 14.2807
45.24 14.2807
45.28 14.2807
45.32 14.2807
45.36 14.2807
45.4 14.2807
45.44 14.2807
45.48 14.2807
45.52 14.2807
45.56 14.2807
45.6 14.2807
45.64 14.2807
45.68 14.2807
45.72 14.2807
45.76 14.2807
45.8 14.2807
45.84 14.2807
45.88 14.2807
45.92 14.2807
45.96 14.2807
46 14.2807
46.04 14.2807
46.08 14.2807
46.12 14.2807
46.16 14.2807
46.2 14.2807
46.24 14.2807
46.28 14.2807
46.32 14.2807
46.36 14.2807
46.4 14.2807
46.44 14.2807
46.48 14.2807
46.52 14.2807
46.56 14.2807
46.6 14.2807
46.64 14.2807
46.68 14.2807
46.72 14.2807
46.76 14.2807
46.8 14.2807
46.84 14.2807
46.88 14.2807
46.92 14.2807
46.96 14.2807
47 14.2807
47.04 14.2807
47.08 14.2807
47.12 14.2807
47.16 14.2807
47.2 14.2807
47.24 14.2807
47.28 14.2807
47.32 14.2807
47.36 14.2807
47.4 14.2807
47.44 14.2807
47.48 14.2807
47.52 14.2807
47.56 14.2807
47.6 14.2807
47.64 14.2807
47.68 14.2807
47.72 14.2807
47.76 14.2807
47.8 14.2807
47.84 14.2807
47.88 14.2807
47.92 14.2807
47.96 14.2807
48 14.2807
48.04 14.2807
48.08 14.2807
48.12 14.2807
48.16 14.2807
48.2 14.2807
48.24 14.2807
48.28 14.2807
48.32 14.2807
48.36 14.2807
48.4 14.2807
48.44 14.2807
48.48 14.2807
48.52 14.2807
48.56 14.2807
48.6 14.2807
48.64 14.2807
48.68 14.2807
48.72 14.2807
48.76 14.2808
48.8 14.2808
48.84 14.2808
48.88 14.2808
48.92 14.2808
48.96 14.2808
49 14.2808
49.04 14.2808
49.08 14.2808
49.12 14.2808
49.16 14.2808
49.2 14.2808
49.24 14.2808
49.28 14.2808
49.32 14.2808
49.36 14.2808
49.4 14.2808
49.44 14.2808
49.48 14.2808
49.52 14.2808
49.56 14.2808
49.6 14.2808
49.64 14.2808
49.68 14.2808
49.72 14.2808
49.76 14.2808
49.8 14.2808
49.84 14.2808
49.88 14.2808
49.92 14.2808
49.96 14.2808
50 14.2808
50.04 14.2808
50.08 14.2808
50.12 14.2808
50.16 14.2808
50.2 14.2808
50.24 14.2808
50.28 14.2808
50.32 14.2808
50.36 14.2808
50.4 14.2808
50.44 14.2808
50.48 14.2808
50.52 14.2808
50.56 14.2808
50.6 14.2808
50.64 14.2808
50.68 14.2808
50.72 14.2808
50.76 14.2808
50.8 14.2808
50.84 14.2808
50.88 14.2808
50.92 14.2808
50.96 14.2808
51 14.2808
51.04 14.2808
51.08 14.2808
51.12 14.2808
51.16 14.2808
51.2 14.2808
51.24 14.2808
51.28 14.2808
51.32 14.2808
51.36 14.2808
51.4 14.2808
51.44 14.2808
51.48 14.2808
51.52 14.2808
51.56 14.2808
51.6 14.2808
51.64 14.2808
51.68 14.2808
51.72 14.2808
51.76 14.2808
51.8 14.2808
51.84 14.2808
51.88 14.2808
51.92 14.2808
51.96 14.2808
52 14.2808
52.04 14.2808
52.08 14.2808
52.12 14.2808
52.16 14.2808
52.2 14.2808
52.24 14.2808
52.28 14.2808
52.32 14.2808
52.36 14.2808
52.4 14.2808
52.44 14.2808
52.48 14.2808
52.52 14.2808
52.56 14.2808
52.6 14.2808
52.64 14.2808
52.68 14.2808
52.72 14.2808
52.76 14.2808
52.8 14.2808
52.84 14.2808
52.88 14.2808
52.92 14.2808
52.96 14.2808
53 14.2808
53.04 14.2808
53.08 14.2808
53.12 14.2808
53.16 14.2808
53.2 14.2808
53.24 14.2808
53.28 14.2808
53.32 14.2808
53.36 14.2808
53.4 14.2808
53.44 14.2808
53.48 14.2808
53.52 14.2808
53.56 14.2808
53.6 14.2808
53.64 14.2808
53.68 14.2808
53.72 14.2808
53.76 14.2808
53.8 14.2808
53.84 14.2808
53.88 14.2808
53.92 14.2808
53.96 14.2808
54 14.2808
54.04 14.2808
54.08 14.2808
54.12 14.2808
54.16 14.2808
54.2 14.2808
54.24 14.2808
54.28 14.2808
54.32 14.2808
54.36 14.2808
54.4 14.2808
54.44 14.2808
54.48 14.2808
54.52 14.2808
54.56 14.2808
54.6 14.2808
54.64 14.2808
54.68 14.2808
54.72 14.2808
54.76 14.2808
54.8 14.2808
54.84 14.2808
54.88 14.2808
54.92 14.2808
54.96 14.2808
55 14.2808
55.04 14.2808
55.08 14.2808
55.12 14.2808
55.16 14.2808
55.2 14.2808
55.24 14.2808
55.28 14.2808
55.32 14.2808
55.36 14.2808
55.4 14.2808
55.44 14.2808
55.48 14.2808
55.52 14.2808
55.56 14.2808
55.6 14.2808
55.64 14.2808
55.68 14.2808
55.72 14.2808
55.76 14.2808
55.8 14.2808
55.84 14.2808
55.88 14.2808
55.92 14.2808
55.96 14.2808
56 14.2808
56.04 14.2808
56.08 14.2808
56.12 14.2808
56.16 14.2808
56.2 14.2808
56.24 14.2808
56.28 14.2808
56.32 14.2808
56.36 14.2808
56.4 14.2808
56.44 14.2808
56.48 14.2808
56.52 14.2808
56.56 14.2808
56.6 14.2808
56.64 14.2808
56.68 14.2808
56.72 14.2808
56.76 14.2808
56.8 14.2808
56.84 14.2808
56.88 14.2808
56.92 14.2808
56.96 14.2808
57 14.2808
57.04 14.2808
57.08 14.2808
57.12 14.2808
57.16 14.2808
57.2 14.2808
57.24 14.2808
57.28 14.2808
57.32 14.2808
57.36 14.2808
57.4 14.2808
57.44 14.2808
57.48 14.2808
57.52 14.2808
57.56 14.2808
57.6 14.2808
57.64 14.2808
57.68 14.2808
57.72 14.2808
57.76 14.2808
57.8 14.2808
57.84 14.2808
57.88 14.2808
57.92 14.2808
57.96 14.2808
58 14.2808
58.04 14.2808
58.08 14.2808
58.12 14.2808
58.16 14.2808
58.2 14.2808
58.24 14.2808
58.28 14.2808
58.32 14.2808
58.36 14.2808
58.4 14.2808
58.44 14.2808
58.48 14.2808
58.52 14.2808
58.56 14.2808
58.6 14.2808
58.64 14.2808
58.68 14.2808
58.72 14.2808
58.76 14.2808
58.8 14.2808
58.84 14.2808
58.88 14.2808
58.92 14.2808
58.96 14.2808
59 14.2808
59.04 14.2808
59.08 14.2808
59.12 14.2808
59.16 14.2808
59.2 14.2808
59.24 14.2808
59.28 14.2808
59.32 14.2808
59.36 14.2808
59.4 14.2808
59.44 14.2808
59.48 14.2808
59.52 14.2808
59.56 14.2808
59.6 14.2808
59.64 14.2808
59.68 14.2808
59.72 14.2808
59.76 14.2808
59.8 14.2808
59.84 14.2808
59.88 14.2808
59.92 14.2808
59.96 14.2808
60 14.2808
__settings__ -1 10 2 0 1 1
L(2,2) [nH]
0.04 358.91
0.08 358.273
0.12 357.416
0.16 356.512
0.2 355.673
0.24 354.946
0.28 354.339
0.32 353.841
0.36 353.436
0.4 353.106
0.44 352.835
0.48 352.613
0.52 352.429
0.56 352.274
0.6 352.144
0.64 352.034
0.68 351.94
0.72 351.859
0.76 351.788
0.8 351.727
0.84 351.673
0.88 351.625
0.92 351.583
0.96 351.545
1 351.511
1.04 351.48
1.08 351.453
1.12 351.427
1.16 351.404
1.2 351.383
1.24 351.363
1.28 351.345
1.32 351.328
1.36 351.313
1.4 351.298
1.44 351.284
1.48 351.271
1.52 351.259
1.56 351.247
1.6 351.236
1.64 351.226
1.68 351.216
1.72 351.206
1.76 351.197
1.8 351.188
1.84 351.18
1.88 351.172
1.92 351.164
1.96 351.156
2 351.149
2.04 351.142
2.08 351.135
2.12 351.128
2.16 351.121
2.2 351.114
2.24 351.108
2.28 351.102
2.32 351.096
2.36 351.09
2.4 351.084
2.44 351.078
2.48 351.072
2.52 351.067
2.56 351.061
2.6 351.056
2.64 351.05
2.68 351.045
2.72 351.04
2.76 351.035
2.8 351.03
2.84 351.024
2.88 351.02
2.92 351.015
2.96 351.01
3 351.005
3.04 351
3.08 350.995
3.12 350.991
3.16 350.986
3.2 350.982
3.24 350.977
3.28 350.973
3.32 350.968
3.36 350.964
3.4 350.959
3.44 350.955
3.48 350.951
3.52 350.947
3.56 350.942
3.6 350.938
3.64 350.934
3.68 350.93
3.72 350.926
3.76 350.922
3.8 350.918
3.84 350.914
3.88 350.91
3.92 350.906
3.96 350.902
4 350.899
4.04 350.895
4.08 350.891
4.12 350.887
4.16 350.884
4.2 350.88
4.24 350.876
4.28 350.873
4.32 350.869
4.36 350.866
4.4 350.862
4.44 350.859
4.48 350.855
4.52 350.852
4.56 350.849
4.6 350.845
4.64 350.842
4.68 350.839
4.72 350.836
4.76 350.832
4.8 350.829
4.84 350.826
4.88 350.823
4.92 350.82
4.96 350.817
5 350.814
5.04 350.811
5.08 350.808
5.12 350.805
5.16 350.802
5.2 350.799
5.24 350.796
5.28 350.793
5.32 350.79
5.36 350.788
5.4 350.785
5.44 350.782
5.48 350.779
5.52 350.777
5.56 350.774
5.6 350.771
5.64 350.769
5.68 350.766
5.72 350.764
5.76 350.761
5.8 350.759
5.84 350.756
5.88 350.754
5.92 350.751
5.96 350.749
6 350.746
6.04 350.744
6.08 350.742
6.12 350.739
6.16 350.737
6.2 350.735
6.24 350.733
6.28 350.73
6.32 350.728
6.36 350.726
6.4 350.724
6.44 350.722
6.48 350.719
6.52 350.717
6.56 350.715
6.6 350.713
6.64 350.711
6.68 350.709
6.72 350.707
6.76 350.705
6.8 350.703
6.84 350.701
6.88 350.699
6.92 350.697
6.96 350.696
7 350.694
7.04 350.692
7.08 350.69
7.12 350.688
7.16 350.686
7.2 350.685
7.24 350.683
7.28 350.681
7.32 350.679
7.36 350.678
7.4 350.676
7.44 350.674
7.48 350.673
7.52 350.671
7.56 350.669
7.6 350.668
7.64 350.666
7.68 350.664
7.72 350.663
7.76 350.661
7.8 350.66
7.84 350.658
7.88 350.657
7.92 350.655
7.96 350.654
8 350.652
8.04 350.651
8.08 350.649
8.12 350.648
8.16 350.647
8.2 350.645
8.24 350.644
8.28 350.642
8.32 350.641
8.36 350.64
8.4 350.638
8.44 350.637
8.48 350.636
8.52 350.634
8.56 350.633
8.6 350.632
8.64 350.631
8.68 350.629
8.72 350.628
8.76 350.627
8.8 350.626
8.84 350.625
8.88 350.623
8.92 350.622
8.96 350.621
9 350.62
9.04 350.619
9.08 350.618
9.12 350.616
9.16 350.615
9.2 350.614
9.24 350.613
9.28 350.612
9.32 350.611
9.36 350.61
9.4 350.609
9.44 350.608
9.48 350.607
9.52 350.606
9.56 350.605
9.6 350.604
9.64 350.603
9.68 350.602
9.72 350.601
9.76 350.6
9.8 350.599
9.84 350.598
9.88 350.597
9.92 350.596
9.96 350.595
10 350.594
10.04 350.593
10.08 350.592
10.12 350.591
10.16 350.59
10.2 350.59
10.24 350.589
10.28 350.588
10.32 350.587
10.36 350.586
10.4 350.585
10.44 350.584
10.48 350.584
10.52 350.583
10.56 350.582
10.6 350.581
10.64 350.58
10.68 350.58
10.72 350.579
10.76 350.578
10.8 350.577
10.84 350.576
10.88 350.576
10.92 350.575
10.96 350.574
11 350.573
11.04 350.573
11.08 350.572
11.12 350.571
11.16 350.57
11.2 350.57
11.24 350.569
11.28 350.568
11.32 350.568
11.36 350.567
11.4 350.566
11.44 350.566
11.48 350.565
11.52 350.564
11.56 350.564
11.6 350.563
11.64 350.562
11.68 350.562
11.72 350.561
11.76 350.56
11.8 350.56
11.84 350.559
11.88 350.559
11.92 350.558
11.96 350.557
12 350.557
12.04 350.556
12.08 350.556
12.12 350.555
12.16 350.554
12.2 350.554
12.24 350.553
12.28 350.553
12.32 350.552
12.36 350.551
12.4 350.551
12.44 350.55
12.48 350.55
12.52 350.549
12.56 350.549
12.6 350.548
12.64 350.548
12.68 350.547
12.72 350.547
12.76 350.546
12.8 350.546
12.84 350.545
12.88 350.545
12.92 350.544
12.96 350.544
13 350.543
13.04 350.543
13.08 350.542
13.12 350.542
13.16 350.541
13.2 350.541
13.24 350.54
13.28 350.54
13.32 350.539
13.36 350.539
13.4 350.538
13.44 350.538
13.48 350.537
13.52 350.537
13.56 350.537
13.6 350.536
13.64 350.536
13.68 350.535
13.72 350.535
13.76 350.534
13.8 350.534
13.84 350.533
13.88 350.533
13.92 350.533
13.96 350.532
14 350.532
14.04 350.531
14.08 350.531
14.12 350.531
14.16 350.53
14.2 350.53
14.24 350.529
14.28 350.529
14.32 350.529
14.36 350.528
14.4 350.528
14.44 350.527
14.48 350.527
14.52 350.527
14.56 350.526
14.6 350.526
14.64 350.526
14.68 350.525
14.72 350.525
14.76 350.525
14.8 350.524
14.84 350.524
14.88 350.523
14.92 350.523
14.96 350.523
15 350.522
15.04 350.522
15.08 350.522
15.12 350.521
15.16 350.521
15.2 350.521
15.24 350.52
15.28 350.52
15.32 350.52
15.36 350.519
15.4 350.519
15.44 350.519
15.48 350.518
15.52 350.518
15.56 350.518
15.6 350.518
15.64 350.517
15.68 350.517
15.72 350.517
15.76 350.516
15.8 350.516
15.84 350.516
15.88 350.515
15.92 350.515
15.96 350.515
16 350.515
16.04 350.514
16.08 350.514
16.12 350.514
16.16 350.513
16.2 350.513
16.24 350.513
16.28 350.513
16.32 350.512
16.36 350.512
16.4 350.512
16.44 350.512
16.48 350.511
16.52 350.511
16.56 350.511
16.6 350.51
16.64 350.51
16.68 350.51
16.72 350.51
16.76 350.509
16.8 350.509
16.84 350.509
16.88 350.509
16.92 350.508
16.96 350.508
17 350.508
17.04 350.508
17.08 350.507
17.12 350.507
17.16 350.507
17.2 350.507
17.24 350.506
17.28 350.506
17.32 350.506
17.36 350.506
17.4 350.506
17.44 350.505
17.48 350.505
17.52 350.505
17.56 350.505
17.6 350.504
17.64 350.504
17.68 350.504
17.72 350.504
17.76 350.503
17.8 350.503
17.84 350.503
17.88 350.503
17.92 350.503
17.96 350.502
18 350.502
18.04 350.502
18.08 350.502
18.12 350.502
18.16 350.501
18.2 350.501
18.24 350.501
18.28 350.501
18.32 350.501
18.36 350.5
18.4 350.5
18.44 350.5
18.48 350.5
18.52 350.5
18.56 350.499
18.6 350.499
18.64 350.499
18.68 350.499
18.72 350.499
18.76 350.498
18.8 350.498
18.84 350.498
18.88 350.498
18.92 350.498
18.96 350.497
19 350.497
19.04 350.497
19.08 350.497
19.12 350.497
19.16 350.497
19.2 350.496
19.24 350.496
19.28 350.496
19.32 350.496
19.36 350.496
19.4 350.496
19.44 350.495
19.48 350.495
19.52 350.495
19.56 350.495
19.6 350.495
19.64 350.495
19.68 350.494
19.72 350.494
19.76 350.494
19.8 350.494
19.84 350.494
19.88 350.494
19.92 350.493
19.96 350.493
20 350.493
20.04 350.493
20.08 350.493
20.12 350.493
20.16 350.492
20.2 350.492
20.24 350.492
20.28 350.492
20.32 350.492
20.36 350.492
20.4 350.492
20.44 350.491
20.48 350.491
20.52 350.491
20.56 350.491
20.6 350.491
20.64 350.491
20.68 350.491
20.72 350.49
20.76 350.49
20.8 350.49
20.84 350.49
20.88 350.49
20.92 350.49
20.96 350.49
21 350.489
21.04 350.489
21.08 350.489
21.12 350.489
21.16 350.489
21.2 350.489
21.24 350.489
21.28 350.488
21.32 350.488
21.36 350.488
21.4 350.488
21.44 350.488
21.48 350.488
21.52 350.488
21.56 350.488
21.6 350.487
21.64 350.487
21.68 350.487
21.72 350.487
21.76 350.487
21.8 350.487
21.84 350.487
21.88 350.487
21.92 350.486
21.96 350.486
22 350.486
22.04 350.486
22.08 350.486
22.12 350.486
22.16 350.486
22.2 350.486
22.24 350.485
22.28 350.485
22.32 350.485
22.36 350.485
22.4 350.485
22.44 350.485
22.48 350.485
22.52 350.485
22.56 350.485
22.6 350.484
22.64 350.484
22.68 350.484
22.72 350.484
22.76 350.484
22.8 350.484
22.84 350.484
22.88 350.484
22.92 350.484
22.96 350.483
23 350.483
23.04 350.483
23.08 350.483
23.12 350.483
23.16 350.483
23.2 350.483
23.24 350.483
23.28 350.483
23.32 350.482
23.36 350.482
23.4 350.482
23.44 350.482
23.48 350.482
23.52 350.482
23.56 350.482
23.6 350.482
23.64 350.482
23.68 350.482
23.72 350.481
23.76 350.481
23.8 350.481
23.84 350.481
23.88 350.481
23.92 350.481
23.96 350.481
24 350.481
24.04 350.481
24.08 350.481
24.12 350.481
24.16 350.48
24.2 350.48
24.24 350.48
24.28 350.48
24.32 350.48
24.36 350.48
24.4 350.48
24.44 350.48
24.48 350.48
24.52 350.48
24.56 350.48
24.6 350.479
24.64 350.479
24.68 350.479
24.72 350.479
24.76 350.479
24.8 350.479
24.84 350.479
24.88 350.479
24.92 350.479
24.96 350.479
25 350.479
25.04 350.478
25.08 350.478
25.12 350.478
25.16 350.478
25.2 350.478
25.24 350.478
25.28 350.478
25.32 350.478
25.36 350.478
25.4 350.478
25.44 350.478
25.48 350.478
25.52 350.477
25.56 350.477
25.6 350.477
25.64 350.477
25.68 350.477
25.72 350.477
25.76 350.477
25.8 350.477
25.84 350.477
25.88 350.477
25.92 350.477
25.96 350.477
26 350.477
26.04 350.476
26.08 350.476
26.12 350.476
26.16 350.476
26.2 350.476
26.24 350.476
26.28 350.476
26.32 350.476
26.36 350.476
26.4 350.476
26.44 350.476
26.48 350.476
26.52 350.476
26.56 350.476
26.6 350.475
26.64 350.475
26.68 350.475
26.72 350.475
26.76 350.475
26.8 350.475
26.84 350.475
26.88 350.475
26.92 350.475
26.96 350.475
27 350.475
27.04 350.475
27.08 350.475
27.12 350.475
27.16 350.475
27.2 350.474
27.24 350.474
27.28 350.474
27.32 350.474
27.36 350.474
27.4 350.474
27.44 350.474
27.48 350.474
27.52 350.474
27.56 350.474
27.6 350.474
27.64 350.474
27.68 350.474
27.72 350.474
27.76 350.474
27.8 350.473
27.84 350.473
27.88 350.473
27.92 350.473
27.96 350.473
28 350.473
28.04 350.473
28.08 350.473
28.12 350.473
28.16 350.473
28.2 350.473
28.24 350.473
28.28 350.473
28.32 350.473
28.36 350.473
28.4 350.473
28.44 350.473
28.48 350.472
28.52 350.472
28.56 350.472
28.6 350.472
28.64 350.472
28.68 350.472
28.72 350.472
28.76 350.472
28.8 350.472
28.84 350.472
28.88 350.472
28.92 350.472
28.96 350.472
29 350.472
29.04 350.472
29.08 350.472
29.12 350.472
29.16 350.472
29.2 350.471
29.24 350.471
29.28 350.471
29.32 350.471
29.36 350.471
29.4 350.471
29.44 350.471
29.48 350.471
29.52 350.471
29.56 350.471
29.6 350.471
29.64 350.471
29.68 350.471
29.72 350.471
29.76 350.471
29.8 350.471
29.84 350.471
29.88 350.471
29.92 350.471
29.96 350.47
30 350.47
30.04 350.47
30.08 350.47
30.12 350.47
30.16 350.47
30.2 350.47
30.24 350.47
30.28 350.47
30.32 350.47
30.36 350.47
30.4 350.47
30.44 350.47
30.48 350.47
30.52 350.47
30.56 350.47
30.6 350.47
30.64 350.47
30.68 350.47
30.72 350.47
30.76 350.469
30.8 350.469
30.84 350.469
30.88 350.469
30.92 350.469
30.96 350.469
31 350.469
31.04 350.469
31.08 350.469
31.12 350.469
31.16 350.469
31.2 350.469
31.24 350.469
31.28 350.469
31.32 350.469
31.36 350.469
31.4 350.469
31.44 350.469
31.48 350.469
31.52 350.469
31.56 350.469
31.6 350.469
31.64 350.469
31.68 350.468
31.72 350.468
31.76 350.468
31.8 350.468
31.84 350.468
31.88 350.468
31.92 350.468
31.96 350.468
32 350.468
32.04 350.468
32.08 350.468
32.12 350.468
32.16 350.468
32.2 350.468
32.24 350.468
32.28 350.468
32.32 350.468
32.36 350.468
32.4 350.468
32.44 350.468
32.48 350.468
32.52 350.468
32.56 350.468
32.6 350.468
32.64 350.467
32.68 350.467
32.72 350.467
32.76 350.467
32.8 350.467
32.84 350.467
32.88 350.467
32.92 350.467
32.96 350.467
33 350.467
33.04 350.467
33.08 350.467
33.12 350.467
33.16 350.467
33.2 350.467
33.24 350.467
33.28 350.467
33.32 350.467
33.36 350.467
33.4 350.467
33.44 350.467
33.48 350.467
33.52 350.467
33.56 350.467
33.6 350.467
33.64 350.467
33.68 350.467
33.72 350.466
33.76 350.466
33.8 350.466
33.84 350.466
33.88 350.466
33.92 350.466
33.96 350.466
34 350.466
34.04 350.466
34.08 350.466
34.12 350.466
34.16 350.466
34.2 350.466
34.24 350.466
34.28 350.466
34.32 350.466
34.36 350.466
34.4 350.466
34.44 350.466
34.48 350.466
34.52 350.466
34.56 350.466
34.6 350.466
34.64 350.466
34.68 350.466
34.72 350.466
34.76 350.466
34.8 350.466
34.84 350.466
34.88 350.465
34.92 350.465
34.96 350.465
35 350.465
35.04 350.465
35.08 350.465
35.12 350.465
35.16 350.465
35.2 350.465
35.24 350.465
35.28 350.465
35.32 350.465
35.36 350.465
35.4 350.465
35.44 350.465
35.48 350.465
35.52 350.465
35.56 350.465
35.6 350.465
35.64 350.465
35.68 350.465
35.72 350.465
35.76 350.465
35.8 350.465
35.84 350.465
35.88 350.465
35.92 350.465
35.96 350.465
36 350.465
36.04 350.465
36.08 350.465
36.12 350.465
36.16 350.465
36.2 350.464
36.24 350.464
36.28 350.464
36.32 350.464
36.36 350.464
36.4 350.464
36.44 350.464
36.48 350.464
36.52 350.464
36.56 350.464
36.6 350.464
36.64 350.464
36.68 350.464
36.72 350.464
36.76 350.464
36.8 350.464
36.84 350.464
36.88 350.464
36.92 350.464
36.96 350.464
37 350.464
37.04 350.464
37.08 350.464
37.12 350.464
37.16 350.464
37.2 350.464
37.24 350.464
37.28 350.464
37.32 350.464
37.36 350.464
37.4 350.464
37.44 350.464
37.48 350.464
37.52 350.464
37.56 350.464
37.6 350.464
37.64 350.463
37.68 350.463
37.72 350.463
37.76 350.463
37.8 350.463
37.84 350.463
37.88 350.463
37.92 350.463
37.96 350.463
38 350.463
38.04 350.463
38.08 350.463
38.12 350.463
38.16 350.463
38.2 350.463
38.24 350.463
38.28 350.463
38.32 350.463
38.36 350.463
38.4 350.463
38.44 350.463
38.48 350.463
38.52 350.463
38.56 350.463
38.6 350.463
38.64 350.463
38.68 350.463
38.72 350.463
38.76 350.463
38.8 350.463
38.84 350.463
38.88 350.463
38.92 350.463
38.96 350.463
39 350.463
39.04 350.463
39.08 350.463
39.12 350.463
39.16 350.463
39.2 350.463
39.24 350.463
39.28 350.462
39.32 350.462
39.36 350.462
39.4 350.462
39.44 350.462
39.48 350.462
39.52 350.462
39.56 350.462
39.6 350.462
39.64 350.462
39.68 350.462
39.72 350.462
39.76 350.462
39.8 350.462
39.84 350.462
39.88 350.462
39.92 350.462
39.96 350.462
40 350.462
40.04 350.462
40.08 350.462
40.12 350.462
40.16 350.462
40.2 350.462
40.24 350.462
40.28 350.462
40.32 350.462
40.36 350.462
40.4 350.462
40.44 350.462
40.48 350.462
40.52 350.462
40.56 350.462
40.6 350.462
40.64 350.462
40.68 350.462
40.72 350.462
40.76 350.462
40.8 350.462
40.84 350.462
40.88 350.462
40.92 350.462
40.96 350.462
41 350.462
41.04 350.462
41.08 350.462
41.12 350.462
41.16 350.461
41.2 350.461
41.24 350.461
41.28 350.461
41.32 350.461
41.36 350.461
41.4 350.461
41.44 350.461
41.48 350.461
41.52 350.461
41.56 350.461
41.6 350.461
41.64 350.461
41.68 350.461
41.72 350.461
41.76 350.461
41.8 350.461
41.84 350.461
41.88 350.461
41.92 350.461
41.96 350.461
42 350.461
42.04 350.461
42.08 350.461
42.12 350.461
42.16 350.461
42.2 350.461
42.24 350.461
42.28 350.461
42.32 350.461
42.36 350.461
42.4 350.461
42.44 350.461
42.48 350.461
42.52 350.461
42.56 350.461
42.6 350.461
42.64 350.461
42.68 350.461
42.72 350.461
42.76 350.461
42.8 350.461
42.84 350.461
42.88 350.461
42.92 350.461
42.96 350.461
43 350.461
43.04 350.461
43.08 350.461
43.12 350.461
43.16 350.461
43.2 350.461
43.24 350.461
43.28 350.461
43.32 350.46
43.36 350.46
43.4 350.46
43.44 350.46
43.48 350.46
43.52 350.46
43.56 350.46
43.6 350.46
43.64 350.46
43.68 350.46
43.72 350.46
43.76 350.46
43.8 350.46
43.84 350.46
43.88 350.46
43.92 350.46
43.96 350.46
44 350.46
44.04 350.46
44.08 350.46
44.12 350.46
44.16 350.46
44.2 350.46
44.24 350.46
44.28 350.46
44.32 350.46
44.36 350.46
44.4 350.46
44.44 350.46
44.48 350.46
44.52 350.46
44.56 350.46
44.6 350.46
44.64 350.46
44.68 350.46
44.72 350.46
44.76 350.46
44.8 350.46
44.84 350.46
44.88 350.46
44.92 350.46
44.96 350.46
45 350.46
45.04 350.46
45.08 350.46
45.12 350.46
45.16 350.46
45.2 350.46
45.24 350.46
45.28 350.46
45.32 350.46
45.36 350.46
45.4 350.46
45.44 350.46
45.48 350.46
45.52 350.46
45.56 350.46
45.6 350.46
45.64 350.46
45.68 350.46
45.72 350.46
45.76 350.46
45.8 350.46
45.84 350.459
45.88 350.459
45.92 350.459
45.96 350.459
46 350.459
46.04 350.459
46.08 350.459
46.12 350.459
46.16 350.459
46.2 350.459
46.24 350.459
46.28 350.459
46.32 350.459
46.36 350.459
46.4 350.459
46.44 350.459
46.48 350.459
46.52 350.459
46.56 350.459
46.6 350.459
46.64 350.459
46.68 350.459
46.72 350.459
46.76 350.459
46.8 350.459
46.84 350.459
46.88 350.459
46.92 350.459
46.96 350.459
47 350.459
47.04 350.459
47.08 350.459
47.12 350.459
47.16 350.459
47.2 350.459
47.24 350.459
47.28 350.459
47.32 350.459
47.36 350.459
47.4 350.459
47.44 350.459
47.48 350.459
47.52 350.459
47.56 350.459
47.6 350.459
47.64 350.459
47.68 350.459
47.72 350.459
47.76 350.459
47.8 350.459
47.84 350.459
47.88 350.459
47.92 350.459
47.96 350.459
48 350.459
48.04 350.459
48.08 350.459
48.12 350.459
48.16 350.459
48.2 350.459
48.24 350.459
48.28 350.459
48.32 350.459
48.36 350.459
48.4 350.459
48.44 350.459
48.48 350.459
48.52 350.459
48.56 350.459
48.6 350.459
48.64 350.459
48.68 350.459
48.72 350.459
48.76 350.459
48.8 350.458
48.84 350.458
48.88 350.458
48.92 350.458
48.96 350.458
49 350.458
49.04 350.458
49.08 350.458
49.12 350.458
49.16 350.458
49.2 350.458
49.24 350.458
49.28 350.458
49.32 350.458
49.36 350.458
49.4 350.458
49.44 350.458
49.48 350.458
49.52 350.458
49.56 350.458
49.6 350.458
49.64 350.458
49.68 350.458
49.72 350.458
49.76 350.458
49.8 350.458
49.84 350.458
49.88 350.458
49.92 350.458
49.96 350.458
50 350.458
50.04 350.458
50.08 350.458
50.12 350.458
50.16 350.458
50.2 350.458
50.24 350.458
50.28 350.458
50.32 350.458
50.36 350.458
50.4 350.458
50.44 350.458
50.48 350.458
50.52 350.458
50.56 350.458
50.6 350.458
50.64 350.458
50.68 350.458
50.72 350.458
50.76 350.458
50.8 350.458
50.84 350.458
50.88 350.458
50.92 350.458
50.96 350.458
51 350.458
51.04 350.458
51.08 350.458
51.12 350.458
51.16 350.458
51.2 350.458
51.24 350.458
51.28 350.458
51.32 350.458
51.36 350.458
51.4 350.458
51.44 350.458
51.48 350.458
51.52 350.458
51.56 350.458
51.6 350.458
51.64 350.458
51.68 350.458
51.72 350.458
51.76 350.458
51.8 350.458
51.84 350.458
51.88 350.458
51.92 350.458
51.96 350.458
52 350.458
52.04 350.458
52.08 350.458
52.12 350.458
52.16 350.458
52.2 350.458
52.24 350.458
52.28 350.458
52.32 350.458
52.36 350.458
52.4 350.458
52.44 350.458
52.48 350.457
52.52 350.457
52.56 350.457
52.6 350.457
52.64 350.457
52.68 350.457
52.72 350.457
52.76 350.457
52.8 350.457
52.84 350.457
52.88 350.457
52.92 350.457
52.96 350.457
53 350.457
53.04 350.457
53.08 350.457
53.12 350.457
53.16 350.457
53.2 350.457
53.24 350.457
53.28 350.457
53.32 350.457
53.36 350.457
53.4 350.457
53.44 350.457
53.48 350.457
53.52 350.457
53.56 350.457
53.6 350.457
53.64 350.457
53.68 350.457
53.72 350.457
53.76 350.457
53.8 350.457
53.84 350.457
53.88 350.457
53.92 350.457
53.96 350.457
54 350.457
54.04 350.457
54.08 350.457
54.12 350.457
54.16 350.457
54.2 350.457
54.24 350.457
54.28 350.457
54.32 350.457
54.36 350.457
54.4 350.457
54.44 350.457
54.48 350.457
54.52 350.457
54.56 350.457
54.6 350.457
54.64 350.457
54.68 350.457
54.72 350.457
54.76 350.457
54.8 350.457
54.84 350.457
54.88 350.457
54.92 350.457
54.96 350.457
55 350.457
55.04 350.457
55.08 350.457
55.12 350.457
55.16 350.457
55.2 350.457
55.24 350.457
55.28 350.457
55.32 350.457
55.36 350.457
55.4 350.457
55.44 350.457
55.48 350.457
55.52 350.457
55.56 350.457
55.6 350.457
55.64 350.457
55.68 350.457
55.72 350.457
55.76 350.457
55.8 350.457
55.84 350.457
55.88 350.457
55.92 350.457
55.96 350.457
56 350.457
56.04 350.457
56.08 350.457
56.12 350.457
56.16 350.457
56.2 350.457
56.24 350.457
56.28 350.457
56.32 350.457
56.36 350.457
56.4 350.457
56.44 350.457
56.48 350.457
56.52 350.457
56.56 350.457
56.6 350.457
56.64 350.457
56.68 350.457
56.72 350.457
56.76 350.457
56.8 350.457
56.84 350.457
56.88 350.457
56.92 350.457
56.96 350.457
57 350.457
57.04 350.456
57.08 350.456
57.12 350.456
57.16 350.456
57.2 350.456
57.24 350.456
57.28 350.456
57.32 350.456
57.36 350.456
57.4 350.456
57.44 350.456
57.48 350.456
57.52 350.456
57.56 350.456
57.6 350.456
57.64 350.456
57.68 350.456
57.72 350.456
57.76 350.456
57.8 350.456
57.84 350.456
57.88 350.456
57.92 350.456
57.96 350.456
58 350.456
58.04 350.456
58.08 350.456
58.12 350.456
58.16 350.456
58.2 350.456
58.24 350.456
58.28 350.456
58.32 350.456
58.36 350.456
58.4 350.456
58.44 350.456
58.48 350.456
58.52 350.456
58.56 350.456
58.6 350.456
58.64 350.456
58.68 350.456
58.72 350.456
58.76 350.456
58.8 350.456
58.84 350.456
58.88 350.456
58.92 350.456
58.96 350.456
59 350.456
59.04 350.456
59.08 350.456
59.12 350.456
59.16 350.456
59.2 350.456
59.24 350.456
59.28 350.456
59.32 350.456
59.36 350.456
59.4 350.456
59.44 350.456
59.48 350.456
59.52 350.456
59.56 350.456
59.6 350.456
59.64 350.456
59.68 350.456
59.72 350.456
59.76 350.456
59.8 350.456
59.84 350.456
59.88 350.456
59.92 350.456
59.96 350.456
60 350.456
__settings__ -1 11 2 0 1 1
