4.000000e+07	5.953802e-14
8.000000e+07	5.948144e-14
1.200000e+08	5.942485e-14
1.600000e+08	5.936827e-14
2.000000e+08	5.931169e-14
2.400000e+08	5.925511e-14
2.800000e+08	5.919853e-14
3.200000e+08	5.914195e-14
3.600000e+08	5.908536e-14
4.000000e+08	5.902878e-14
4.400000e+08	5.897220e-14
4.800000e+08	5.891562e-14
5.200000e+08	5.885904e-14
5.600000e+08	5.880245e-14
6.000000e+08	5.874587e-14
6.400000e+08	5.868929e-14
6.800000e+08	5.863271e-14
7.200000e+08	5.857613e-14
7.600000e+08	5.851955e-14
8.000000e+08	5.846296e-14
8.400000e+08	5.840638e-14
8.800000e+08	5.834980e-14
9.200000e+08	5.829322e-14
9.600000e+08	5.823664e-14
1.000000e+09	5.818006e-14
1.040000e+09	5.812347e-14
1.080000e+09	5.806689e-14
1.120000e+09	5.801031e-14
1.160000e+09	5.795373e-14
1.200000e+09	5.789715e-14
1.240000e+09	5.784057e-14
1.280000e+09	5.778398e-14
1.320000e+09	5.772740e-14
1.360000e+09	5.767082e-14
1.400000e+09	5.761424e-14
1.440000e+09	5.755766e-14
1.480000e+09	5.750107e-14
1.520000e+09	5.744449e-14
1.560000e+09	5.738791e-14
1.600000e+09	5.733133e-14
1.640000e+09	5.727475e-14
1.680000e+09	5.721817e-14
1.720000e+09	5.716158e-14
1.760000e+09	5.710500e-14
1.800000e+09	5.704842e-14
1.840000e+09	5.699184e-14
1.880000e+09	5.693526e-14
1.920000e+09	5.687868e-14
1.960000e+09	5.682209e-14
2.000000e+09	5.676551e-14
2.040000e+09	5.670893e-14
2.080000e+09	5.665235e-14
2.120000e+09	5.664271e-14
2.160000e+09	5.663307e-14
2.200000e+09	5.662343e-14
2.240000e+09	5.661379e-14
2.280000e+09	5.660415e-14
2.320000e+09	5.659451e-14
2.360000e+09	5.658487e-14
2.400000e+09	5.657523e-14
2.440000e+09	5.656559e-14
2.480000e+09	5.655595e-14
2.520000e+09	5.654630e-14
2.560000e+09	5.653666e-14
2.600000e+09	5.652702e-14
2.640000e+09	5.651738e-14
2.680000e+09	5.650774e-14
2.720000e+09	5.649810e-14
2.760000e+09	5.648846e-14
2.800000e+09	5.647882e-14
2.840000e+09	5.646918e-14
2.880000e+09	5.645954e-14
2.920000e+09	5.644990e-14
2.960000e+09	5.644026e-14
3.000000e+09	5.643062e-14
3.040000e+09	5.642098e-14
3.080000e+09	5.641134e-14
3.120000e+09	5.640170e-14
3.160000e+09	5.639206e-14
3.200000e+09	5.638242e-14
3.240000e+09	5.637278e-14
3.280000e+09	5.636314e-14
3.320000e+09	5.635350e-14
3.360000e+09	5.634386e-14
3.400000e+09	5.633422e-14
3.440000e+09	5.632458e-14
3.480000e+09	5.631494e-14
3.520000e+09	5.630530e-14
3.560000e+09	5.629566e-14
3.600000e+09	5.628602e-14
3.640000e+09	5.627637e-14
3.680000e+09	5.626673e-14
3.720000e+09	5.625709e-14
3.760000e+09	5.624745e-14
3.800000e+09	5.623781e-14
3.840000e+09	5.622817e-14
3.880000e+09	5.621853e-14
3.920000e+09	5.620889e-14
3.960000e+09	5.619925e-14
4.000000e+09	5.618961e-14
4.040000e+09	5.617997e-14
4.080000e+09	5.617033e-14
4.120000e+09	5.616069e-14
4.160000e+09	5.615518e-14
4.200000e+09	5.614967e-14
4.240000e+09	5.614416e-14
4.280000e+09	5.613866e-14
4.320000e+09	5.613315e-14
4.360000e+09	5.612764e-14
4.400000e+09	5.612213e-14
4.440000e+09	5.611662e-14
4.480000e+09	5.611111e-14
4.520000e+09	5.610560e-14
4.560000e+09	5.610009e-14
4.600000e+09	5.609458e-14
4.640000e+09	5.608908e-14
4.680000e+09	5.608357e-14
4.720000e+09	5.607806e-14
4.760000e+09	5.607255e-14
4.800000e+09	5.606704e-14
4.840000e+09	5.606153e-14
4.880000e+09	5.605602e-14
4.920000e+09	5.605051e-14
4.960000e+09	5.604501e-14
5.000000e+09	5.603950e-14
5.040000e+09	5.603399e-14
5.080000e+09	5.602848e-14
5.120000e+09	5.602297e-14
5.160000e+09	5.601746e-14
5.200000e+09	5.601195e-14
5.240000e+09	5.600644e-14
5.280000e+09	5.600093e-14
5.320000e+09	5.599543e-14
5.360000e+09	5.598992e-14
5.400000e+09	5.598441e-14
5.440000e+09	5.597890e-14
5.480000e+09	5.597339e-14
5.520000e+09	5.596788e-14
5.560000e+09	5.596237e-14
5.600000e+09	5.595686e-14
5.640000e+09	5.595136e-14
5.680000e+09	5.594585e-14
5.720000e+09	5.594034e-14
5.760000e+09	5.593483e-14
5.800000e+09	5.592932e-14
5.840000e+09	5.592381e-14
5.880000e+09	5.591830e-14
5.920000e+09	5.591279e-14
5.960000e+09	5.590728e-14
6.000000e+09	5.590178e-14
6.040000e+09	5.589627e-14
6.080000e+09	5.589076e-14
6.120000e+09	5.588525e-14
6.160000e+09	5.587974e-14
6.200000e+09	5.587600e-14
6.240000e+09	5.587225e-14
6.280000e+09	5.586851e-14
6.320000e+09	5.586476e-14
6.360000e+09	5.586102e-14
6.400000e+09	5.585727e-14
6.440000e+09	5.585353e-14
6.480000e+09	5.584978e-14
6.520000e+09	5.584604e-14
6.560000e+09	5.584230e-14
6.600000e+09	5.583855e-14
6.640000e+09	5.583481e-14
6.680000e+09	5.583106e-14
6.720000e+09	5.582732e-14
6.760000e+09	5.582357e-14
6.800000e+09	5.581983e-14
6.840000e+09	5.581608e-14
6.880000e+09	5.581234e-14
6.920000e+09	5.580859e-14
6.960000e+09	5.580485e-14
7.000000e+09	5.580110e-14
7.040000e+09	5.579736e-14
7.080000e+09	5.579362e-14
7.120000e+09	5.578987e-14
7.160000e+09	5.578613e-14
7.200000e+09	5.578238e-14
7.240000e+09	5.577864e-14
7.280000e+09	5.577489e-14
7.320000e+09	5.577115e-14
7.360000e+09	5.576740e-14
7.400000e+09	5.576366e-14
7.440000e+09	5.575991e-14
7.480000e+09	5.575617e-14
7.520000e+09	5.575243e-14
7.560000e+09	5.574868e-14
7.600000e+09	5.574494e-14
7.640000e+09	5.574119e-14
7.680000e+09	5.573745e-14
7.720000e+09	5.573370e-14
7.760000e+09	5.572996e-14
7.800000e+09	5.572621e-14
7.840000e+09	5.572247e-14
7.880000e+09	5.571872e-14
7.920000e+09	5.571498e-14
7.960000e+09	5.571124e-14
8.000000e+09	5.570749e-14
8.040000e+09	5.570375e-14
8.080000e+09	5.570000e-14
8.120000e+09	5.569626e-14
8.160000e+09	5.569251e-14
8.200000e+09	5.568877e-14
8.240000e+09	5.568604e-14
8.280000e+09	5.568331e-14
8.320000e+09	5.568058e-14
8.360000e+09	5.567785e-14
8.400000e+09	5.567512e-14
8.440000e+09	5.567239e-14
8.480000e+09	5.566966e-14
8.520000e+09	5.566693e-14
8.560000e+09	5.566420e-14
8.600000e+09	5.566147e-14
8.640000e+09	5.565874e-14
8.680000e+09	5.565601e-14
8.720000e+09	5.565328e-14
8.760000e+09	5.565055e-14
8.800000e+09	5.564782e-14
8.840000e+09	5.564509e-14
8.880000e+09	5.564236e-14
8.920000e+09	5.563963e-14
8.960000e+09	5.563690e-14
9.000000e+09	5.563417e-14
9.040000e+09	5.563144e-14
9.080000e+09	5.562871e-14
9.120000e+09	5.562598e-14
9.160000e+09	5.562325e-14
9.200000e+09	5.562052e-14
9.240000e+09	5.561779e-14
9.280000e+09	5.561506e-14
9.320000e+09	5.561233e-14
9.360000e+09	5.560960e-14
9.400000e+09	5.560687e-14
9.440000e+09	5.560414e-14
9.480000e+09	5.560141e-14
9.520000e+09	5.559868e-14
9.560000e+09	5.559595e-14
9.600000e+09	5.559322e-14
9.640000e+09	5.559049e-14
9.680000e+09	5.558776e-14
9.720000e+09	5.558503e-14
9.760000e+09	5.558230e-14
9.800000e+09	5.557957e-14
9.840000e+09	5.557684e-14
9.880000e+09	5.557411e-14
9.920000e+09	5.557138e-14
9.960000e+09	5.556865e-14
1.000000e+10	5.556592e-14
1.004000e+10	5.556319e-14
1.008000e+10	5.556046e-14
1.012000e+10	5.555773e-14
1.016000e+10	5.555500e-14
1.020000e+10	5.555227e-14
1.024000e+10	5.554954e-14
1.028000e+10	5.554749e-14
1.032000e+10	5.554544e-14
1.036000e+10	5.554339e-14
1.040000e+10	5.554133e-14
1.044000e+10	5.553928e-14
1.048000e+10	5.553723e-14
1.052000e+10	5.553518e-14
1.056000e+10	5.553313e-14
1.060000e+10	5.553108e-14
1.064000e+10	5.552903e-14
1.068000e+10	5.552698e-14
1.072000e+10	5.552493e-14
1.076000e+10	5.552288e-14
1.080000e+10	5.552083e-14
1.084000e+10	5.551877e-14
1.088000e+10	5.551672e-14
1.092000e+10	5.551467e-14
1.096000e+10	5.551262e-14
1.100000e+10	5.551057e-14
1.104000e+10	5.550852e-14
1.108000e+10	5.550647e-14
1.112000e+10	5.550442e-14
1.116000e+10	5.550237e-14
1.120000e+10	5.550032e-14
1.124000e+10	5.549827e-14
1.128000e+10	5.549621e-14
1.132000e+10	5.549416e-14
1.136000e+10	5.549211e-14
1.140000e+10	5.549006e-14
1.144000e+10	5.548801e-14
1.148000e+10	5.548596e-14
1.152000e+10	5.548391e-14
1.156000e+10	5.548186e-14
1.160000e+10	5.547981e-14
1.164000e+10	5.547776e-14
1.168000e+10	5.547571e-14
1.172000e+10	5.547365e-14
1.176000e+10	5.547160e-14
1.180000e+10	5.546955e-14
1.184000e+10	5.546750e-14
1.188000e+10	5.546545e-14
1.192000e+10	5.546340e-14
1.196000e+10	5.546135e-14
1.200000e+10	5.545930e-14
1.204000e+10	5.545725e-14
1.208000e+10	5.545520e-14
1.212000e+10	5.545315e-14
1.216000e+10	5.545109e-14
1.220000e+10	5.544904e-14
1.224000e+10	5.544699e-14
1.228000e+10	5.544494e-14
1.232000e+10	5.544339e-14
1.236000e+10	5.544184e-14
1.240000e+10	5.544029e-14
1.244000e+10	5.543874e-14
1.248000e+10	5.543719e-14
1.252000e+10	5.543564e-14
1.256000e+10	5.543408e-14
1.260000e+10	5.543253e-14
1.264000e+10	5.543098e-14
1.268000e+10	5.542943e-14
1.272000e+10	5.542788e-14
1.276000e+10	5.542633e-14
1.280000e+10	5.542478e-14
1.284000e+10	5.542323e-14
1.288000e+10	5.542168e-14
1.292000e+10	5.542012e-14
1.296000e+10	5.541857e-14
1.300000e+10	5.541702e-14
1.304000e+10	5.541547e-14
1.308000e+10	5.541392e-14
1.312000e+10	5.541237e-14
1.316000e+10	5.541082e-14
1.320000e+10	5.540927e-14
1.324000e+10	5.540772e-14
1.328000e+10	5.540616e-14
1.332000e+10	5.540461e-14
1.336000e+10	5.540306e-14
1.340000e+10	5.540151e-14
1.344000e+10	5.539996e-14
1.348000e+10	5.539841e-14
1.352000e+10	5.539686e-14
1.356000e+10	5.539531e-14
1.360000e+10	5.539376e-14
1.364000e+10	5.539221e-14
1.368000e+10	5.539065e-14
1.372000e+10	5.538910e-14
1.376000e+10	5.538755e-14
1.380000e+10	5.538600e-14
1.384000e+10	5.538445e-14
1.388000e+10	5.538290e-14
1.392000e+10	5.538135e-14
1.396000e+10	5.537980e-14
1.400000e+10	5.537825e-14
1.404000e+10	5.537669e-14
1.408000e+10	5.537514e-14
1.412000e+10	5.537359e-14
1.416000e+10	5.537204e-14
1.420000e+10	5.537049e-14
1.424000e+10	5.536894e-14
1.428000e+10	5.536739e-14
1.432000e+10	5.536584e-14
1.436000e+10	5.536468e-14
1.440000e+10	5.536352e-14
1.444000e+10	5.536236e-14
1.448000e+10	5.536120e-14
1.452000e+10	5.536005e-14
1.456000e+10	5.535889e-14
1.460000e+10	5.535773e-14
1.464000e+10	5.535657e-14
1.468000e+10	5.535541e-14
1.472000e+10	5.535425e-14
1.476000e+10	5.535310e-14
1.480000e+10	5.535194e-14
1.484000e+10	5.535078e-14
1.488000e+10	5.534962e-14
1.492000e+10	5.534846e-14
1.496000e+10	5.534731e-14
1.500000e+10	5.534615e-14
1.504000e+10	5.534499e-14
1.508000e+10	5.534383e-14
1.512000e+10	5.534267e-14
1.516000e+10	5.534151e-14
1.520000e+10	5.534036e-14
1.524000e+10	5.533920e-14
1.528000e+10	5.533804e-14
1.532000e+10	5.533688e-14
1.536000e+10	5.533572e-14
1.540000e+10	5.533456e-14
1.544000e+10	5.533341e-14
1.548000e+10	5.533225e-14
1.552000e+10	5.533109e-14
1.556000e+10	5.532993e-14
1.560000e+10	5.532877e-14
1.564000e+10	5.532762e-14
1.568000e+10	5.532646e-14
1.572000e+10	5.532530e-14
1.576000e+10	5.532414e-14
1.580000e+10	5.532298e-14
1.584000e+10	5.532182e-14
1.588000e+10	5.532067e-14
1.592000e+10	5.531951e-14
1.596000e+10	5.531835e-14
1.600000e+10	5.531719e-14
1.604000e+10	5.531603e-14
1.608000e+10	5.531487e-14
1.612000e+10	5.531372e-14
1.616000e+10	5.531256e-14
1.620000e+10	5.531140e-14
1.624000e+10	5.531024e-14
1.628000e+10	5.530908e-14
1.632000e+10	5.530793e-14
1.636000e+10	5.530677e-14
1.640000e+10	5.530593e-14
1.644000e+10	5.530510e-14
1.648000e+10	5.530426e-14
1.652000e+10	5.530343e-14
1.656000e+10	5.530260e-14
1.660000e+10	5.530176e-14
1.664000e+10	5.530093e-14
1.668000e+10	5.530009e-14
1.672000e+10	5.529926e-14
1.676000e+10	5.529842e-14
1.680000e+10	5.529759e-14
1.684000e+10	5.529676e-14
1.688000e+10	5.529592e-14
1.692000e+10	5.529509e-14
1.696000e+10	5.529425e-14
1.700000e+10	5.529342e-14
1.704000e+10	5.529258e-14
1.708000e+10	5.529175e-14
1.712000e+10	5.529092e-14
1.716000e+10	5.529008e-14
1.720000e+10	5.528925e-14
1.724000e+10	5.528841e-14
1.728000e+10	5.528758e-14
1.732000e+10	5.528674e-14
1.736000e+10	5.528591e-14
1.740000e+10	5.528508e-14
1.744000e+10	5.528424e-14
1.748000e+10	5.528341e-14
1.752000e+10	5.528257e-14
1.756000e+10	5.528174e-14
1.760000e+10	5.528090e-14
1.764000e+10	5.528007e-14
1.768000e+10	5.527924e-14
1.772000e+10	5.527840e-14
1.776000e+10	5.527757e-14
1.780000e+10	5.527673e-14
1.784000e+10	5.527590e-14
1.788000e+10	5.527506e-14
1.792000e+10	5.527423e-14
1.796000e+10	5.527340e-14
1.800000e+10	5.527256e-14
1.804000e+10	5.527173e-14
1.808000e+10	5.527089e-14
1.812000e+10	5.527006e-14
1.816000e+10	5.526922e-14
1.820000e+10	5.526839e-14
1.824000e+10	5.526756e-14
1.828000e+10	5.526672e-14
1.832000e+10	5.526589e-14
1.836000e+10	5.526505e-14
1.840000e+10	5.526422e-14
1.844000e+10	5.526366e-14
1.848000e+10	5.526310e-14
1.852000e+10	5.526255e-14
1.856000e+10	5.526199e-14
1.860000e+10	5.526143e-14
1.864000e+10	5.526088e-14
1.868000e+10	5.526032e-14
1.872000e+10	5.525976e-14
1.876000e+10	5.525920e-14
1.880000e+10	5.525865e-14
1.884000e+10	5.525809e-14
1.888000e+10	5.525753e-14
1.892000e+10	5.525698e-14
1.896000e+10	5.525642e-14
1.900000e+10	5.525586e-14
1.904000e+10	5.525530e-14
1.908000e+10	5.525475e-14
1.912000e+10	5.525419e-14
1.916000e+10	5.525363e-14
1.920000e+10	5.525308e-14
1.924000e+10	5.525252e-14
1.928000e+10	5.525196e-14
1.932000e+10	5.525141e-14
1.936000e+10	5.525085e-14
1.940000e+10	5.525029e-14
1.944000e+10	5.524973e-14
1.948000e+10	5.524918e-14
1.952000e+10	5.524862e-14
1.956000e+10	5.524806e-14
1.960000e+10	5.524751e-14
1.964000e+10	5.524695e-14
1.968000e+10	5.524639e-14
1.972000e+10	5.524583e-14
1.976000e+10	5.524528e-14
1.980000e+10	5.524472e-14
1.984000e+10	5.524416e-14
1.988000e+10	5.524361e-14
1.992000e+10	5.524305e-14
1.996000e+10	5.524249e-14
2.000000e+10	5.524193e-14
2.004000e+10	5.524138e-14
2.008000e+10	5.524082e-14
2.012000e+10	5.524026e-14
2.016000e+10	5.523971e-14
2.020000e+10	5.523915e-14
2.024000e+10	5.523859e-14
2.028000e+10	5.523803e-14
2.032000e+10	5.523748e-14
2.036000e+10	5.523692e-14
2.040000e+10	5.523636e-14
2.044000e+10	5.523581e-14
2.048000e+10	5.523549e-14
2.052000e+10	5.523518e-14
2.056000e+10	5.523487e-14
2.060000e+10	5.523455e-14
2.064000e+10	5.523424e-14
2.068000e+10	5.523393e-14
2.072000e+10	5.523361e-14
2.076000e+10	5.523330e-14
2.080000e+10	5.523299e-14
2.084000e+10	5.523267e-14
2.088000e+10	5.523236e-14
2.092000e+10	5.523205e-14
2.096000e+10	5.523174e-14
2.100000e+10	5.523142e-14
2.104000e+10	5.523111e-14
2.108000e+10	5.523080e-14
2.112000e+10	5.523048e-14
2.116000e+10	5.523017e-14
2.120000e+10	5.522986e-14
2.124000e+10	5.522954e-14
2.128000e+10	5.522923e-14
2.132000e+10	5.522892e-14
2.136000e+10	5.522860e-14
2.140000e+10	5.522829e-14
2.144000e+10	5.522798e-14
2.148000e+10	5.522767e-14
2.152000e+10	5.522735e-14
2.156000e+10	5.522704e-14
2.160000e+10	5.522673e-14
2.164000e+10	5.522641e-14
2.168000e+10	5.522610e-14
2.172000e+10	5.522579e-14
2.176000e+10	5.522547e-14
2.180000e+10	5.522516e-14
2.184000e+10	5.522485e-14
2.188000e+10	5.522453e-14
2.192000e+10	5.522422e-14
2.196000e+10	5.522391e-14
2.200000e+10	5.522360e-14
2.204000e+10	5.522328e-14
2.208000e+10	5.522297e-14
2.212000e+10	5.522266e-14
2.216000e+10	5.522234e-14
2.220000e+10	5.522203e-14
2.224000e+10	5.522172e-14
2.228000e+10	5.522140e-14
2.232000e+10	5.522109e-14
2.236000e+10	5.522078e-14
2.240000e+10	5.522046e-14
2.244000e+10	5.522015e-14
2.248000e+10	5.521984e-14
2.252000e+10	5.521975e-14
2.256000e+10	5.521965e-14
2.260000e+10	5.521956e-14
2.264000e+10	5.521947e-14
2.268000e+10	5.521937e-14
2.272000e+10	5.521928e-14
2.276000e+10	5.521919e-14
2.280000e+10	5.521909e-14
2.284000e+10	5.521900e-14
2.288000e+10	5.521891e-14
2.292000e+10	5.521881e-14
2.296000e+10	5.521872e-14
2.300000e+10	5.521863e-14
2.304000e+10	5.521853e-14
2.308000e+10	5.521844e-14
2.312000e+10	5.521835e-14
2.316000e+10	5.521825e-14
2.320000e+10	5.521816e-14
2.324000e+10	5.521807e-14
2.328000e+10	5.521797e-14
2.332000e+10	5.521788e-14
2.336000e+10	5.521779e-14
2.340000e+10	5.521769e-14
2.344000e+10	5.521760e-14
2.348000e+10	5.521751e-14
2.352000e+10	5.521741e-14
2.356000e+10	5.521732e-14
2.360000e+10	5.521723e-14
2.364000e+10	5.521714e-14
2.368000e+10	5.521704e-14
2.372000e+10	5.521695e-14
2.376000e+10	5.521686e-14
2.380000e+10	5.521676e-14
2.384000e+10	5.521667e-14
2.388000e+10	5.521658e-14
2.392000e+10	5.521648e-14
2.396000e+10	5.521639e-14
2.400000e+10	5.521630e-14
2.404000e+10	5.521620e-14
2.408000e+10	5.521611e-14
2.412000e+10	5.521602e-14
2.416000e+10	5.521592e-14
2.420000e+10	5.521583e-14
2.424000e+10	5.521574e-14
2.428000e+10	5.521564e-14
2.432000e+10	5.521555e-14
2.436000e+10	5.521546e-14
2.440000e+10	5.521536e-14
2.444000e+10	5.521527e-14
2.448000e+10	5.521518e-14
2.452000e+10	5.521508e-14
2.456000e+10	5.521519e-14
2.460000e+10	5.521530e-14
2.464000e+10	5.521541e-14
2.468000e+10	5.521552e-14
2.472000e+10	5.521563e-14
2.476000e+10	5.521574e-14
2.480000e+10	5.521584e-14
2.484000e+10	5.521595e-14
2.488000e+10	5.521606e-14
2.492000e+10	5.521617e-14
2.496000e+10	5.521628e-14
2.500000e+10	5.521639e-14
2.504000e+10	5.521650e-14
2.508000e+10	5.521660e-14
2.512000e+10	5.521671e-14
2.516000e+10	5.521682e-14
2.520000e+10	5.521693e-14
2.524000e+10	5.521704e-14
2.528000e+10	5.521715e-14
2.532000e+10	5.521726e-14
2.536000e+10	5.521737e-14
2.540000e+10	5.521747e-14
2.544000e+10	5.521758e-14
2.548000e+10	5.521769e-14
2.552000e+10	5.521780e-14
2.556000e+10	5.521791e-14
2.560000e+10	5.521802e-14
2.564000e+10	5.521813e-14
2.568000e+10	5.521823e-14
2.572000e+10	5.521834e-14
2.576000e+10	5.521845e-14
2.580000e+10	5.521856e-14
2.584000e+10	5.521867e-14
2.588000e+10	5.521878e-14
2.592000e+10	5.521889e-14
2.596000e+10	5.521899e-14
2.600000e+10	5.521910e-14
2.604000e+10	5.521921e-14
2.608000e+10	5.521932e-14
2.612000e+10	5.521943e-14
2.616000e+10	5.521954e-14
2.620000e+10	5.521965e-14
2.624000e+10	5.521975e-14
2.628000e+10	5.521986e-14
2.632000e+10	5.521997e-14
2.636000e+10	5.522008e-14
2.640000e+10	5.522019e-14
2.644000e+10	5.522030e-14
2.648000e+10	5.522041e-14
2.652000e+10	5.522051e-14
2.656000e+10	5.522062e-14
2.660000e+10	5.522092e-14
2.664000e+10	5.522122e-14
2.668000e+10	5.522151e-14
2.672000e+10	5.522181e-14
2.676000e+10	5.522211e-14
2.680000e+10	5.522240e-14
2.684000e+10	5.522270e-14
2.688000e+10	5.522300e-14
2.692000e+10	5.522329e-14
2.696000e+10	5.522359e-14
2.700000e+10	5.522389e-14
2.704000e+10	5.522418e-14
2.708000e+10	5.522448e-14
2.712000e+10	5.522478e-14
2.716000e+10	5.522507e-14
2.720000e+10	5.522537e-14
2.724000e+10	5.522567e-14
2.728000e+10	5.522596e-14
2.732000e+10	5.522626e-14
2.736000e+10	5.522656e-14
2.740000e+10	5.522685e-14
2.744000e+10	5.522715e-14
2.748000e+10	5.522745e-14
2.752000e+10	5.522775e-14
2.756000e+10	5.522804e-14
2.760000e+10	5.522834e-14
2.764000e+10	5.522864e-14
2.768000e+10	5.522893e-14
2.772000e+10	5.522923e-14
2.776000e+10	5.522953e-14
2.780000e+10	5.522982e-14
2.784000e+10	5.523012e-14
2.788000e+10	5.523042e-14
2.792000e+10	5.523071e-14
2.796000e+10	5.523101e-14
2.800000e+10	5.523131e-14
2.804000e+10	5.523160e-14
2.808000e+10	5.523190e-14
2.812000e+10	5.523220e-14
2.816000e+10	5.523249e-14
2.820000e+10	5.523279e-14
2.824000e+10	5.523309e-14
2.828000e+10	5.523338e-14
2.832000e+10	5.523368e-14
2.836000e+10	5.523398e-14
2.840000e+10	5.523427e-14
2.844000e+10	5.523457e-14
2.848000e+10	5.523487e-14
2.852000e+10	5.523516e-14
2.856000e+10	5.523546e-14
2.860000e+10	5.523576e-14
2.864000e+10	5.523623e-14
2.868000e+10	5.523671e-14
2.872000e+10	5.523718e-14
2.876000e+10	5.523765e-14
2.880000e+10	5.523813e-14
2.884000e+10	5.523860e-14
2.888000e+10	5.523908e-14
2.892000e+10	5.523955e-14
2.896000e+10	5.524003e-14
2.900000e+10	5.524050e-14
2.904000e+10	5.524097e-14
2.908000e+10	5.524145e-14
2.912000e+10	5.524192e-14
2.916000e+10	5.524240e-14
2.920000e+10	5.524287e-14
2.924000e+10	5.524335e-14
2.928000e+10	5.524382e-14
2.932000e+10	5.524430e-14
2.936000e+10	5.524477e-14
2.940000e+10	5.524524e-14
2.944000e+10	5.524572e-14
2.948000e+10	5.524619e-14
2.952000e+10	5.524667e-14
2.956000e+10	5.524714e-14
2.960000e+10	5.524762e-14
2.964000e+10	5.524809e-14
2.968000e+10	5.524856e-14
2.972000e+10	5.524904e-14
2.976000e+10	5.524951e-14
2.980000e+10	5.524999e-14
2.984000e+10	5.525046e-14
2.988000e+10	5.525094e-14
2.992000e+10	5.525141e-14
2.996000e+10	5.525189e-14
3.000000e+10	5.525236e-14
3.004000e+10	5.525283e-14
3.008000e+10	5.525331e-14
3.012000e+10	5.525378e-14
3.016000e+10	5.525426e-14
3.020000e+10	5.525473e-14
3.024000e+10	5.525521e-14
3.028000e+10	5.525568e-14
3.032000e+10	5.525615e-14
3.036000e+10	5.525663e-14
3.040000e+10	5.525710e-14
3.044000e+10	5.525758e-14
3.048000e+10	5.525805e-14
3.052000e+10	5.525853e-14
3.056000e+10	5.525900e-14
3.060000e+10	5.525947e-14
3.064000e+10	5.525995e-14
3.068000e+10	5.526059e-14
3.072000e+10	5.526124e-14
3.076000e+10	5.526188e-14
3.080000e+10	5.526252e-14
3.084000e+10	5.526317e-14
3.088000e+10	5.526381e-14
3.092000e+10	5.526446e-14
3.096000e+10	5.526510e-14
3.100000e+10	5.526574e-14
3.104000e+10	5.526639e-14
3.108000e+10	5.526703e-14
3.112000e+10	5.526768e-14
3.116000e+10	5.526832e-14
3.120000e+10	5.526896e-14
3.124000e+10	5.526961e-14
3.128000e+10	5.527025e-14
3.132000e+10	5.527089e-14
3.136000e+10	5.527154e-14
3.140000e+10	5.527218e-14
3.144000e+10	5.527283e-14
3.148000e+10	5.527347e-14
3.152000e+10	5.527411e-14
3.156000e+10	5.527476e-14
3.160000e+10	5.527540e-14
3.164000e+10	5.527605e-14
3.168000e+10	5.527669e-14
3.172000e+10	5.527733e-14
3.176000e+10	5.527798e-14
3.180000e+10	5.527862e-14
3.184000e+10	5.527926e-14
3.188000e+10	5.527991e-14
3.192000e+10	5.528055e-14
3.196000e+10	5.528120e-14
3.200000e+10	5.528184e-14
3.204000e+10	5.528248e-14
3.208000e+10	5.528313e-14
3.212000e+10	5.528377e-14
3.216000e+10	5.528442e-14
3.220000e+10	5.528506e-14
3.224000e+10	5.528570e-14
3.228000e+10	5.528635e-14
3.232000e+10	5.528699e-14
3.236000e+10	5.528763e-14
3.240000e+10	5.528828e-14
3.244000e+10	5.528892e-14
3.248000e+10	5.528957e-14
3.252000e+10	5.529021e-14
3.256000e+10	5.529085e-14
3.260000e+10	5.529150e-14
3.264000e+10	5.529214e-14
3.268000e+10	5.529279e-14
3.272000e+10	5.529359e-14
3.276000e+10	5.529440e-14
3.280000e+10	5.529521e-14
3.284000e+10	5.529601e-14
3.288000e+10	5.529682e-14
3.292000e+10	5.529763e-14
3.296000e+10	5.529843e-14
3.300000e+10	5.529924e-14
3.304000e+10	5.530005e-14
3.308000e+10	5.530086e-14
3.312000e+10	5.530166e-14
3.316000e+10	5.530247e-14
3.320000e+10	5.530328e-14
3.324000e+10	5.530408e-14
3.328000e+10	5.530489e-14
3.332000e+10	5.530570e-14
3.336000e+10	5.530651e-14
3.340000e+10	5.530731e-14
3.344000e+10	5.530812e-14
3.348000e+10	5.530893e-14
3.352000e+10	5.530973e-14
3.356000e+10	5.531054e-14
3.360000e+10	5.531135e-14
3.364000e+10	5.531215e-14
3.368000e+10	5.531296e-14
3.372000e+10	5.531377e-14
3.376000e+10	5.531458e-14
3.380000e+10	5.531538e-14
3.384000e+10	5.531619e-14
3.388000e+10	5.531700e-14
3.392000e+10	5.531780e-14
3.396000e+10	5.531861e-14
3.400000e+10	5.531942e-14
3.404000e+10	5.532023e-14
3.408000e+10	5.532103e-14
3.412000e+10	5.532184e-14
3.416000e+10	5.532265e-14
3.420000e+10	5.532345e-14
3.424000e+10	5.532426e-14
3.428000e+10	5.532507e-14
3.432000e+10	5.532587e-14
3.436000e+10	5.532668e-14
3.440000e+10	5.532749e-14
3.444000e+10	5.532830e-14
3.448000e+10	5.532910e-14
3.452000e+10	5.532991e-14
3.456000e+10	5.533072e-14
3.460000e+10	5.533152e-14
3.464000e+10	5.533233e-14
3.468000e+10	5.533314e-14
3.472000e+10	5.533395e-14
3.476000e+10	5.533491e-14
3.480000e+10	5.533588e-14
3.484000e+10	5.533684e-14
3.488000e+10	5.533781e-14
3.492000e+10	5.533877e-14
3.496000e+10	5.533974e-14
3.500000e+10	5.534070e-14
3.504000e+10	5.534167e-14
3.508000e+10	5.534263e-14
3.512000e+10	5.534360e-14
3.516000e+10	5.534457e-14
3.520000e+10	5.534553e-14
3.524000e+10	5.534650e-14
3.528000e+10	5.534746e-14
3.532000e+10	5.534843e-14
3.536000e+10	5.534939e-14
3.540000e+10	5.535036e-14
3.544000e+10	5.535132e-14
3.548000e+10	5.535229e-14
3.552000e+10	5.535325e-14
3.556000e+10	5.535422e-14
3.560000e+10	5.535519e-14
3.564000e+10	5.535615e-14
3.568000e+10	5.535712e-14
3.572000e+10	5.535808e-14
3.576000e+10	5.535905e-14
3.580000e+10	5.536001e-14
3.584000e+10	5.536098e-14
3.588000e+10	5.536194e-14
3.592000e+10	5.536291e-14
3.596000e+10	5.536387e-14
3.600000e+10	5.536484e-14
3.604000e+10	5.536581e-14
3.608000e+10	5.536677e-14
3.612000e+10	5.536774e-14
3.616000e+10	5.536870e-14
3.620000e+10	5.536967e-14
3.624000e+10	5.537063e-14
3.628000e+10	5.537160e-14
3.632000e+10	5.537256e-14
3.636000e+10	5.537353e-14
3.640000e+10	5.537450e-14
3.644000e+10	5.537546e-14
3.648000e+10	5.537643e-14
3.652000e+10	5.537739e-14
3.656000e+10	5.537836e-14
3.660000e+10	5.537932e-14
3.664000e+10	5.538029e-14
3.668000e+10	5.538125e-14
3.672000e+10	5.538222e-14
3.676000e+10	5.538318e-14
3.680000e+10	5.538430e-14
3.684000e+10	5.538542e-14
3.688000e+10	5.538654e-14
3.692000e+10	5.538767e-14
3.696000e+10	5.538879e-14
3.700000e+10	5.538991e-14
3.704000e+10	5.539103e-14
3.708000e+10	5.539215e-14
3.712000e+10	5.539327e-14
3.716000e+10	5.539439e-14
3.720000e+10	5.539551e-14
3.724000e+10	5.539663e-14
3.728000e+10	5.539775e-14
3.732000e+10	5.539887e-14
3.736000e+10	5.539999e-14
3.740000e+10	5.540111e-14
3.744000e+10	5.540223e-14
3.748000e+10	5.540335e-14
3.752000e+10	5.540447e-14
3.756000e+10	5.540559e-14
3.760000e+10	5.540671e-14
3.764000e+10	5.540783e-14
3.768000e+10	5.540895e-14
3.772000e+10	5.541007e-14
3.776000e+10	5.541119e-14
3.780000e+10	5.541231e-14
3.784000e+10	5.541343e-14
3.788000e+10	5.541455e-14
3.792000e+10	5.541567e-14
3.796000e+10	5.541679e-14
3.800000e+10	5.541791e-14
3.804000e+10	5.541903e-14
3.808000e+10	5.542015e-14
3.812000e+10	5.542127e-14
3.816000e+10	5.542239e-14
3.820000e+10	5.542351e-14
3.824000e+10	5.542463e-14
3.828000e+10	5.542575e-14
3.832000e+10	5.542687e-14
3.836000e+10	5.542799e-14
3.840000e+10	5.542911e-14
3.844000e+10	5.543023e-14
3.848000e+10	5.543135e-14
3.852000e+10	5.543247e-14
3.856000e+10	5.543359e-14
3.860000e+10	5.543471e-14
3.864000e+10	5.543583e-14
3.868000e+10	5.543696e-14
3.872000e+10	5.543808e-14
3.876000e+10	5.543920e-14
3.880000e+10	5.544032e-14
3.884000e+10	5.544159e-14
3.888000e+10	5.544286e-14
3.892000e+10	5.544413e-14
3.896000e+10	5.544541e-14
3.900000e+10	5.544668e-14
3.904000e+10	5.544795e-14
3.908000e+10	5.544922e-14
3.912000e+10	5.545049e-14
3.916000e+10	5.545177e-14
3.920000e+10	5.545304e-14
3.924000e+10	5.545431e-14
3.928000e+10	5.545558e-14
3.932000e+10	5.545686e-14
3.936000e+10	5.545813e-14
3.940000e+10	5.545940e-14
3.944000e+10	5.546067e-14
3.948000e+10	5.546195e-14
3.952000e+10	5.546322e-14
3.956000e+10	5.546449e-14
3.960000e+10	5.546576e-14
3.964000e+10	5.546703e-14
3.968000e+10	5.546831e-14
3.972000e+10	5.546958e-14
3.976000e+10	5.547085e-14
3.980000e+10	5.547212e-14
3.984000e+10	5.547340e-14
3.988000e+10	5.547467e-14
3.992000e+10	5.547594e-14
3.996000e+10	5.547721e-14
4.000000e+10	5.547849e-14
4.004000e+10	5.547976e-14
4.008000e+10	5.548103e-14
4.012000e+10	5.548230e-14
4.016000e+10	5.548357e-14
4.020000e+10	5.548485e-14
4.024000e+10	5.548612e-14
4.028000e+10	5.548739e-14
4.032000e+10	5.548866e-14
4.036000e+10	5.548994e-14
4.040000e+10	5.549121e-14
4.044000e+10	5.549248e-14
4.048000e+10	5.549375e-14
4.052000e+10	5.549503e-14
4.056000e+10	5.549630e-14
4.060000e+10	5.549757e-14
4.064000e+10	5.549884e-14
4.068000e+10	5.550011e-14
4.072000e+10	5.550139e-14
4.076000e+10	5.550266e-14
4.080000e+10	5.550393e-14
4.084000e+10	5.550520e-14
4.088000e+10	5.550663e-14
4.092000e+10	5.550805e-14
4.096000e+10	5.550947e-14
4.100000e+10	5.551089e-14
4.104000e+10	5.551232e-14
4.108000e+10	5.551374e-14
4.112000e+10	5.551516e-14
4.116000e+10	5.551658e-14
4.120000e+10	5.551801e-14
4.124000e+10	5.551943e-14
4.128000e+10	5.552085e-14
4.132000e+10	5.552227e-14
4.136000e+10	5.552370e-14
4.140000e+10	5.552512e-14
4.144000e+10	5.552654e-14
4.148000e+10	5.552796e-14
4.152000e+10	5.552939e-14
4.156000e+10	5.553081e-14
4.160000e+10	5.553223e-14
4.164000e+10	5.553366e-14
4.168000e+10	5.553508e-14
4.172000e+10	5.553650e-14
4.176000e+10	5.553792e-14
4.180000e+10	5.553935e-14
4.184000e+10	5.554077e-14
4.188000e+10	5.554219e-14
4.192000e+10	5.554361e-14
4.196000e+10	5.554504e-14
4.200000e+10	5.554646e-14
4.204000e+10	5.554788e-14
4.208000e+10	5.554930e-14
4.212000e+10	5.555073e-14
4.216000e+10	5.555215e-14
4.220000e+10	5.555357e-14
4.224000e+10	5.555499e-14
4.228000e+10	5.555642e-14
4.232000e+10	5.555784e-14
4.236000e+10	5.555926e-14
4.240000e+10	5.556068e-14
4.244000e+10	5.556211e-14
4.248000e+10	5.556353e-14
4.252000e+10	5.556495e-14
4.256000e+10	5.556637e-14
4.260000e+10	5.556780e-14
4.264000e+10	5.556922e-14
4.268000e+10	5.557064e-14
4.272000e+10	5.557206e-14
4.276000e+10	5.557349e-14
4.280000e+10	5.557491e-14
4.284000e+10	5.557633e-14
4.288000e+10	5.557775e-14
4.292000e+10	5.557933e-14
4.296000e+10	5.558090e-14
4.300000e+10	5.558247e-14
4.304000e+10	5.558404e-14
4.308000e+10	5.558561e-14
4.312000e+10	5.558718e-14
4.316000e+10	5.558876e-14
4.320000e+10	5.559033e-14
4.324000e+10	5.559190e-14
4.328000e+10	5.559347e-14
4.332000e+10	5.559504e-14
4.336000e+10	5.559661e-14
4.340000e+10	5.559818e-14
4.344000e+10	5.559976e-14
4.348000e+10	5.560133e-14
4.352000e+10	5.560290e-14
4.356000e+10	5.560447e-14
4.360000e+10	5.560604e-14
4.364000e+10	5.560761e-14
4.368000e+10	5.560919e-14
4.372000e+10	5.561076e-14
4.376000e+10	5.561233e-14
4.380000e+10	5.561390e-14
4.384000e+10	5.561547e-14
4.388000e+10	5.561704e-14
4.392000e+10	5.561862e-14
4.396000e+10	5.562019e-14
4.400000e+10	5.562176e-14
4.404000e+10	5.562333e-14
4.408000e+10	5.562490e-14
4.412000e+10	5.562647e-14
4.416000e+10	5.562805e-14
4.420000e+10	5.562962e-14
4.424000e+10	5.563119e-14
4.428000e+10	5.563276e-14
4.432000e+10	5.563433e-14
4.436000e+10	5.563590e-14
4.440000e+10	5.563748e-14
4.444000e+10	5.563905e-14
4.448000e+10	5.564062e-14
4.452000e+10	5.564219e-14
4.456000e+10	5.564376e-14
4.460000e+10	5.564533e-14
4.464000e+10	5.564690e-14
4.468000e+10	5.564848e-14
4.472000e+10	5.565005e-14
4.476000e+10	5.565162e-14
4.480000e+10	5.565319e-14
4.484000e+10	5.565476e-14
4.488000e+10	5.565633e-14
4.492000e+10	5.565791e-14
4.496000e+10	5.565963e-14
4.500000e+10	5.566135e-14
4.504000e+10	5.566307e-14
4.508000e+10	5.566479e-14
4.512000e+10	5.566651e-14
4.516000e+10	5.566823e-14
4.520000e+10	5.566995e-14
4.524000e+10	5.567167e-14
4.528000e+10	5.567339e-14
4.532000e+10	5.567511e-14
4.536000e+10	5.567683e-14
4.540000e+10	5.567855e-14
4.544000e+10	5.568027e-14
4.548000e+10	5.568199e-14
4.552000e+10	5.568371e-14
4.556000e+10	5.568543e-14
4.560000e+10	5.568715e-14
4.564000e+10	5.568887e-14
4.568000e+10	5.569059e-14
4.572000e+10	5.569231e-14
4.576000e+10	5.569403e-14
4.580000e+10	5.569575e-14
4.584000e+10	5.569747e-14
4.588000e+10	5.569919e-14
4.592000e+10	5.570091e-14
4.596000e+10	5.570263e-14
4.600000e+10	5.570435e-14
4.604000e+10	5.570607e-14
4.608000e+10	5.570779e-14
4.612000e+10	5.570951e-14
4.616000e+10	5.571123e-14
4.620000e+10	5.571295e-14
4.624000e+10	5.571467e-14
4.628000e+10	5.571639e-14
4.632000e+10	5.571811e-14
4.636000e+10	5.571983e-14
4.640000e+10	5.572155e-14
4.644000e+10	5.572327e-14
4.648000e+10	5.572499e-14
4.652000e+10	5.572671e-14
4.656000e+10	5.572843e-14
4.660000e+10	5.573015e-14
4.664000e+10	5.573187e-14
4.668000e+10	5.573359e-14
4.672000e+10	5.573531e-14
4.676000e+10	5.573703e-14
4.680000e+10	5.573875e-14
4.684000e+10	5.574047e-14
4.688000e+10	5.574219e-14
4.692000e+10	5.574391e-14
4.696000e+10	5.574563e-14
4.700000e+10	5.574750e-14
4.704000e+10	5.574937e-14
4.708000e+10	5.575124e-14
4.712000e+10	5.575311e-14
4.716000e+10	5.575497e-14
4.720000e+10	5.575684e-14
4.724000e+10	5.575871e-14
4.728000e+10	5.576058e-14
4.732000e+10	5.576245e-14
4.736000e+10	5.576432e-14
4.740000e+10	5.576619e-14
4.744000e+10	5.576805e-14
4.748000e+10	5.576992e-14
4.752000e+10	5.577179e-14
4.756000e+10	5.577366e-14
4.760000e+10	5.577553e-14
4.764000e+10	5.577740e-14
4.768000e+10	5.577927e-14
4.772000e+10	5.578113e-14
4.776000e+10	5.578300e-14
4.780000e+10	5.578487e-14
4.784000e+10	5.578674e-14
4.788000e+10	5.578861e-14
4.792000e+10	5.579048e-14
4.796000e+10	5.579235e-14
4.800000e+10	5.579421e-14
4.804000e+10	5.579608e-14
4.808000e+10	5.579795e-14
4.812000e+10	5.579982e-14
4.816000e+10	5.580169e-14
4.820000e+10	5.580356e-14
4.824000e+10	5.580543e-14
4.828000e+10	5.580729e-14
4.832000e+10	5.580916e-14
4.836000e+10	5.581103e-14
4.840000e+10	5.581290e-14
4.844000e+10	5.581477e-14
4.848000e+10	5.581664e-14
4.852000e+10	5.581851e-14
4.856000e+10	5.582038e-14
4.860000e+10	5.582224e-14
4.864000e+10	5.582411e-14
4.868000e+10	5.582598e-14
4.872000e+10	5.582785e-14
4.876000e+10	5.582972e-14
4.880000e+10	5.583159e-14
4.884000e+10	5.583346e-14
4.888000e+10	5.583532e-14
4.892000e+10	5.583719e-14
4.896000e+10	5.583906e-14
4.900000e+10	5.584093e-14
4.904000e+10	5.584295e-14
4.908000e+10	5.584496e-14
4.912000e+10	5.584698e-14
4.916000e+10	5.584900e-14
4.920000e+10	5.585102e-14
4.924000e+10	5.585303e-14
4.928000e+10	5.585505e-14
4.932000e+10	5.585707e-14
4.936000e+10	5.585909e-14
4.940000e+10	5.586110e-14
4.944000e+10	5.586312e-14
4.948000e+10	5.586514e-14
4.952000e+10	5.586716e-14
4.956000e+10	5.586917e-14
4.960000e+10	5.587119e-14
4.964000e+10	5.587321e-14
4.968000e+10	5.587523e-14
4.972000e+10	5.587724e-14
4.976000e+10	5.587926e-14
4.980000e+10	5.588128e-14
4.984000e+10	5.588330e-14
4.988000e+10	5.588531e-14
4.992000e+10	5.588733e-14
4.996000e+10	5.588935e-14
5.000000e+10	5.589137e-14
5.004000e+10	5.589339e-14
5.008000e+10	5.589540e-14
5.012000e+10	5.589742e-14
5.016000e+10	5.589944e-14
5.020000e+10	5.590146e-14
5.024000e+10	5.590347e-14
5.028000e+10	5.590549e-14
5.032000e+10	5.590751e-14
5.036000e+10	5.590953e-14
5.040000e+10	5.591154e-14
5.044000e+10	5.591356e-14
5.048000e+10	5.591558e-14
5.052000e+10	5.591760e-14
5.056000e+10	5.591961e-14
5.060000e+10	5.592163e-14
5.064000e+10	5.592365e-14
5.068000e+10	5.592567e-14
5.072000e+10	5.592768e-14
5.076000e+10	5.592970e-14
5.080000e+10	5.593172e-14
5.084000e+10	5.593374e-14
5.088000e+10	5.593575e-14
5.092000e+10	5.593777e-14
5.096000e+10	5.593979e-14
5.100000e+10	5.594181e-14
5.104000e+10	5.594382e-14
5.108000e+10	5.594599e-14
5.112000e+10	5.594816e-14
5.116000e+10	5.595033e-14
5.120000e+10	5.595249e-14
5.124000e+10	5.595466e-14
5.128000e+10	5.595683e-14
5.132000e+10	5.595899e-14
5.136000e+10	5.596116e-14
5.140000e+10	5.596333e-14
5.144000e+10	5.596550e-14
5.148000e+10	5.596766e-14
5.152000e+10	5.596983e-14
5.156000e+10	5.597200e-14
5.160000e+10	5.597417e-14
5.164000e+10	5.597633e-14
5.168000e+10	5.597850e-14
5.172000e+10	5.598067e-14
5.176000e+10	5.598284e-14
5.180000e+10	5.598500e-14
5.184000e+10	5.598717e-14
5.188000e+10	5.598934e-14
5.192000e+10	5.599150e-14
5.196000e+10	5.599367e-14
5.200000e+10	5.599584e-14
5.204000e+10	5.599801e-14
5.208000e+10	5.600017e-14
5.212000e+10	5.600234e-14
5.216000e+10	5.600451e-14
5.220000e+10	5.600668e-14
5.224000e+10	5.600884e-14
5.228000e+10	5.601101e-14
5.232000e+10	5.601318e-14
5.236000e+10	5.601535e-14
5.240000e+10	5.601751e-14
5.244000e+10	5.601968e-14
5.248000e+10	5.602185e-14
5.252000e+10	5.602402e-14
5.256000e+10	5.602618e-14
5.260000e+10	5.602835e-14
5.264000e+10	5.603052e-14
5.268000e+10	5.603268e-14
5.272000e+10	5.603485e-14
5.276000e+10	5.603702e-14
5.280000e+10	5.603919e-14
5.284000e+10	5.604135e-14
5.288000e+10	5.604352e-14
5.292000e+10	5.604569e-14
5.296000e+10	5.604786e-14
5.300000e+10	5.605002e-14
5.304000e+10	5.605219e-14
5.308000e+10	5.605436e-14
5.312000e+10	5.605668e-14
5.316000e+10	5.605900e-14
5.320000e+10	5.606131e-14
5.324000e+10	5.606363e-14
5.328000e+10	5.606595e-14
5.332000e+10	5.606827e-14
5.336000e+10	5.607059e-14
5.340000e+10	5.607291e-14
5.344000e+10	5.607522e-14
5.348000e+10	5.607754e-14
5.352000e+10	5.607986e-14
5.356000e+10	5.608218e-14
5.360000e+10	5.608450e-14
5.364000e+10	5.608682e-14
5.368000e+10	5.608914e-14
5.372000e+10	5.609145e-14
5.376000e+10	5.609377e-14
5.380000e+10	5.609609e-14
5.384000e+10	5.609841e-14
5.388000e+10	5.610073e-14
5.392000e+10	5.610305e-14
5.396000e+10	5.610537e-14
5.400000e+10	5.610768e-14
5.404000e+10	5.611000e-14
5.408000e+10	5.611232e-14
5.412000e+10	5.611464e-14
5.416000e+10	5.611696e-14
5.420000e+10	5.611928e-14
5.424000e+10	5.612160e-14
5.428000e+10	5.612391e-14
5.432000e+10	5.612623e-14
5.436000e+10	5.612855e-14
5.440000e+10	5.613087e-14
5.444000e+10	5.613319e-14
5.448000e+10	5.613551e-14
5.452000e+10	5.613782e-14
5.456000e+10	5.614014e-14
5.460000e+10	5.614246e-14
5.464000e+10	5.614478e-14
5.468000e+10	5.614710e-14
5.472000e+10	5.614942e-14
5.476000e+10	5.615174e-14
5.480000e+10	5.615405e-14
5.484000e+10	5.615637e-14
5.488000e+10	5.615869e-14
5.492000e+10	5.616101e-14
5.496000e+10	5.616333e-14
5.500000e+10	5.616565e-14
5.504000e+10	5.616797e-14
5.508000e+10	5.617028e-14
5.512000e+10	5.617260e-14
5.516000e+10	5.617507e-14
5.520000e+10	5.617755e-14
5.524000e+10	5.618002e-14
5.528000e+10	5.618249e-14
5.532000e+10	5.618496e-14
5.536000e+10	5.618743e-14
5.540000e+10	5.618990e-14
5.544000e+10	5.619237e-14
5.548000e+10	5.619485e-14
5.552000e+10	5.619732e-14
5.556000e+10	5.619979e-14
5.560000e+10	5.620226e-14
5.564000e+10	5.620473e-14
5.568000e+10	5.620720e-14
5.572000e+10	5.620967e-14
5.576000e+10	5.621214e-14
5.580000e+10	5.621462e-14
5.584000e+10	5.621709e-14
5.588000e+10	5.621956e-14
5.592000e+10	5.622203e-14
5.596000e+10	5.622450e-14
5.600000e+10	5.622697e-14
5.604000e+10	5.622944e-14
5.608000e+10	5.623192e-14
5.612000e+10	5.623439e-14
5.616000e+10	5.623686e-14
5.620000e+10	5.623933e-14
5.624000e+10	5.624180e-14
5.628000e+10	5.624427e-14
5.632000e+10	5.624674e-14
5.636000e+10	5.624922e-14
5.640000e+10	5.625169e-14
5.644000e+10	5.625416e-14
5.648000e+10	5.625663e-14
5.652000e+10	5.625910e-14
5.656000e+10	5.626157e-14
5.660000e+10	5.626404e-14
5.664000e+10	5.626652e-14
5.668000e+10	5.626899e-14
5.672000e+10	5.627146e-14
5.676000e+10	5.627393e-14
5.680000e+10	5.627640e-14
5.684000e+10	5.627887e-14
5.688000e+10	5.628134e-14
5.692000e+10	5.628381e-14
5.696000e+10	5.628629e-14
5.700000e+10	5.628876e-14
5.704000e+10	5.629123e-14
5.708000e+10	5.629370e-14
5.712000e+10	5.629617e-14
5.716000e+10	5.629864e-14
5.720000e+10	5.630127e-14
5.724000e+10	5.630390e-14
5.728000e+10	5.630652e-14
5.732000e+10	5.630915e-14
5.736000e+10	5.631177e-14
5.740000e+10	5.631440e-14
5.744000e+10	5.631703e-14
5.748000e+10	5.631965e-14
5.752000e+10	5.632228e-14
5.756000e+10	5.632491e-14
5.760000e+10	5.632753e-14
5.764000e+10	5.633016e-14
5.768000e+10	5.633279e-14
5.772000e+10	5.633541e-14
5.776000e+10	5.633804e-14
5.780000e+10	5.634066e-14
5.784000e+10	5.634329e-14
5.788000e+10	5.634592e-14
5.792000e+10	5.634854e-14
5.796000e+10	5.635117e-14
5.800000e+10	5.635380e-14
5.804000e+10	5.635642e-14
5.808000e+10	5.635905e-14
5.812000e+10	5.636168e-14
5.816000e+10	5.636430e-14
5.820000e+10	5.636693e-14
5.824000e+10	5.636955e-14
5.828000e+10	5.637218e-14
5.832000e+10	5.637481e-14
5.836000e+10	5.637743e-14
5.840000e+10	5.638006e-14
5.844000e+10	5.638269e-14
5.848000e+10	5.638531e-14
5.852000e+10	5.638794e-14
5.856000e+10	5.639057e-14
5.860000e+10	5.639319e-14
5.864000e+10	5.639582e-14
5.868000e+10	5.639844e-14
5.872000e+10	5.640107e-14
5.876000e+10	5.640370e-14
5.880000e+10	5.640632e-14
5.884000e+10	5.640895e-14
5.888000e+10	5.641158e-14
5.892000e+10	5.641420e-14
5.896000e+10	5.641683e-14
5.900000e+10	5.641945e-14
5.904000e+10	5.642208e-14
5.908000e+10	5.642471e-14
5.912000e+10	5.642733e-14
5.916000e+10	5.642996e-14
5.920000e+10	5.643259e-14
5.924000e+10	5.643537e-14
5.928000e+10	5.643815e-14
5.932000e+10	5.644094e-14
5.936000e+10	5.644372e-14
5.940000e+10	5.644651e-14
5.944000e+10	5.644929e-14
5.948000e+10	5.645207e-14
5.952000e+10	5.645486e-14
5.956000e+10	5.645764e-14
5.960000e+10	5.646042e-14
5.964000e+10	5.646321e-14
5.968000e+10	5.646599e-14
5.972000e+10	5.646878e-14
5.976000e+10	5.647156e-14
5.980000e+10	5.647434e-14
5.984000e+10	5.647713e-14
5.988000e+10	5.647991e-14
5.992000e+10	5.648269e-14
5.996000e+10	5.648548e-14
6.000000e+10	5.648826e-14
6.004000e+10	5.649105e-14
6.008000e+10	5.649383e-14
6.012000e+10	5.649661e-14
6.016000e+10	5.649940e-14
6.020000e+10	5.650218e-14
6.024000e+10	5.650496e-14
6.028000e+10	5.650775e-14
6.032000e+10	5.651053e-14
6.036000e+10	5.651332e-14
6.040000e+10	5.651610e-14
6.044000e+10	5.651888e-14
6.048000e+10	5.652167e-14
6.052000e+10	5.652445e-14
6.056000e+10	5.652723e-14
6.060000e+10	5.653002e-14
6.064000e+10	5.653280e-14
6.068000e+10	5.653559e-14
6.072000e+10	5.653837e-14
6.076000e+10	5.654115e-14
6.080000e+10	5.654394e-14
6.084000e+10	5.654672e-14
6.088000e+10	5.654950e-14
6.092000e+10	5.655229e-14
6.096000e+10	5.655507e-14
6.100000e+10	5.655786e-14
6.104000e+10	5.656064e-14
6.108000e+10	5.656342e-14
6.112000e+10	5.656621e-14
6.116000e+10	5.656899e-14
6.120000e+10	5.657177e-14
6.124000e+10	5.657456e-14
6.128000e+10	5.657750e-14
6.132000e+10	5.658045e-14
6.136000e+10	5.658339e-14
6.140000e+10	5.658633e-14
6.144000e+10	5.658928e-14
6.148000e+10	5.659222e-14
6.152000e+10	5.659517e-14
6.156000e+10	5.659811e-14
6.160000e+10	5.660105e-14
6.164000e+10	5.660400e-14
6.168000e+10	5.660694e-14
6.172000e+10	5.660989e-14
6.176000e+10	5.661283e-14
6.180000e+10	5.661577e-14
6.184000e+10	5.661872e-14
6.188000e+10	5.662166e-14
6.192000e+10	5.662461e-14
6.196000e+10	5.662755e-14
6.200000e+10	5.663049e-14
6.204000e+10	5.663344e-14
6.208000e+10	5.663638e-14
6.212000e+10	5.663933e-14
6.216000e+10	5.664227e-14
6.220000e+10	5.664521e-14
6.224000e+10	5.664816e-14
6.228000e+10	5.665110e-14
6.232000e+10	5.665405e-14
6.236000e+10	5.665699e-14
6.240000e+10	5.665993e-14
6.244000e+10	5.666288e-14
6.248000e+10	5.666582e-14
6.252000e+10	5.666877e-14
6.256000e+10	5.667171e-14
6.260000e+10	5.667465e-14
6.264000e+10	5.667760e-14
6.268000e+10	5.668054e-14
6.272000e+10	5.668349e-14
6.276000e+10	5.668643e-14
6.280000e+10	5.668937e-14
6.284000e+10	5.669232e-14
6.288000e+10	5.669526e-14
6.292000e+10	5.669821e-14
6.296000e+10	5.670115e-14
6.300000e+10	5.670409e-14
6.304000e+10	5.670704e-14
6.308000e+10	5.670998e-14
6.312000e+10	5.671293e-14
6.316000e+10	5.671587e-14
6.320000e+10	5.671881e-14
6.324000e+10	5.672176e-14
6.328000e+10	5.672470e-14
6.332000e+10	5.672781e-14
6.336000e+10	5.673092e-14
6.340000e+10	5.673402e-14
6.344000e+10	5.673713e-14
6.348000e+10	5.674024e-14
6.352000e+10	5.674335e-14
6.356000e+10	5.674645e-14
6.360000e+10	5.674956e-14
6.364000e+10	5.675267e-14
6.368000e+10	5.675578e-14
6.372000e+10	5.675888e-14
6.376000e+10	5.676199e-14
6.380000e+10	5.676510e-14
6.384000e+10	5.676821e-14
6.388000e+10	5.677131e-14
6.392000e+10	5.677442e-14
6.396000e+10	5.677753e-14
6.400000e+10	5.678064e-14
6.404000e+10	5.678374e-14
6.408000e+10	5.678685e-14
6.412000e+10	5.678996e-14
6.416000e+10	5.679307e-14
6.420000e+10	5.679617e-14
6.424000e+10	5.679928e-14
6.428000e+10	5.680239e-14
6.432000e+10	5.680549e-14
6.436000e+10	5.680860e-14
6.440000e+10	5.681171e-14
6.444000e+10	5.681482e-14
6.448000e+10	5.681792e-14
6.452000e+10	5.682103e-14
6.456000e+10	5.682414e-14
6.460000e+10	5.682725e-14
6.464000e+10	5.683035e-14
6.468000e+10	5.683346e-14
6.472000e+10	5.683657e-14
6.476000e+10	5.683968e-14
6.480000e+10	5.684278e-14
6.484000e+10	5.684589e-14
6.488000e+10	5.684900e-14
6.492000e+10	5.685211e-14
6.496000e+10	5.685521e-14
6.500000e+10	5.685832e-14
6.504000e+10	5.686143e-14
6.508000e+10	5.686454e-14
6.512000e+10	5.686764e-14
6.516000e+10	5.687075e-14
6.520000e+10	5.687386e-14
6.524000e+10	5.687697e-14
6.528000e+10	5.688007e-14
6.532000e+10	5.688318e-14
6.536000e+10	5.688645e-14
6.540000e+10	5.688973e-14
6.544000e+10	5.689300e-14
6.548000e+10	5.689628e-14
6.552000e+10	5.689955e-14
6.556000e+10	5.690283e-14
6.560000e+10	5.690610e-14
6.564000e+10	5.690938e-14
6.568000e+10	5.691265e-14
6.572000e+10	5.691592e-14
6.576000e+10	5.691920e-14
6.580000e+10	5.692247e-14
6.584000e+10	5.692575e-14
6.588000e+10	5.692902e-14
6.592000e+10	5.693230e-14
6.596000e+10	5.693557e-14
6.600000e+10	5.693885e-14
6.604000e+10	5.694212e-14
6.608000e+10	5.694539e-14
6.612000e+10	5.694867e-14
6.616000e+10	5.695194e-14
6.620000e+10	5.695522e-14
6.624000e+10	5.695849e-14
6.628000e+10	5.696177e-14
6.632000e+10	5.696504e-14
6.636000e+10	5.696831e-14
6.640000e+10	5.697159e-14
6.644000e+10	5.697486e-14
6.648000e+10	5.697814e-14
6.652000e+10	5.698141e-14
6.656000e+10	5.698469e-14
6.660000e+10	5.698796e-14
6.664000e+10	5.699124e-14
6.668000e+10	5.699451e-14
6.672000e+10	5.699778e-14
6.676000e+10	5.700106e-14
6.680000e+10	5.700433e-14
6.684000e+10	5.700761e-14
6.688000e+10	5.701088e-14
6.692000e+10	5.701416e-14
6.696000e+10	5.701743e-14
6.700000e+10	5.702070e-14
6.704000e+10	5.702398e-14
6.708000e+10	5.702725e-14
6.712000e+10	5.703053e-14
6.716000e+10	5.703380e-14
6.720000e+10	5.703708e-14
6.724000e+10	5.704035e-14
6.728000e+10	5.704363e-14
6.732000e+10	5.704690e-14
6.736000e+10	5.705017e-14
6.740000e+10	5.705362e-14
6.744000e+10	5.705706e-14
6.748000e+10	5.706051e-14
6.752000e+10	5.706396e-14
6.756000e+10	5.706740e-14
6.760000e+10	5.707085e-14
6.764000e+10	5.707429e-14
6.768000e+10	5.707774e-14
6.772000e+10	5.708118e-14
6.776000e+10	5.708463e-14
6.780000e+10	5.708807e-14
6.784000e+10	5.709152e-14
6.788000e+10	5.709496e-14
6.792000e+10	5.709841e-14
6.796000e+10	5.710185e-14
6.800000e+10	5.710530e-14
6.804000e+10	5.710874e-14
6.808000e+10	5.711219e-14
6.812000e+10	5.711563e-14
6.816000e+10	5.711908e-14
6.820000e+10	5.712253e-14
6.824000e+10	5.712597e-14
6.828000e+10	5.712942e-14
6.832000e+10	5.713286e-14
6.836000e+10	5.713631e-14
6.840000e+10	5.713975e-14
6.844000e+10	5.714320e-14
6.848000e+10	5.714664e-14
6.852000e+10	5.715009e-14
6.856000e+10	5.715353e-14
6.860000e+10	5.715698e-14
6.864000e+10	5.716042e-14
6.868000e+10	5.716387e-14
6.872000e+10	5.716731e-14
6.876000e+10	5.717076e-14
6.880000e+10	5.717420e-14
6.884000e+10	5.717765e-14
6.888000e+10	5.718110e-14
6.892000e+10	5.718454e-14
6.896000e+10	5.718799e-14
6.900000e+10	5.719143e-14
6.904000e+10	5.719488e-14
6.908000e+10	5.719832e-14
6.912000e+10	5.720177e-14
6.916000e+10	5.720521e-14
6.920000e+10	5.720866e-14
6.924000e+10	5.721210e-14
6.928000e+10	5.721555e-14
6.932000e+10	5.721899e-14
6.936000e+10	5.722244e-14
6.940000e+10	5.722588e-14
6.944000e+10	5.722950e-14
6.948000e+10	5.723312e-14
6.952000e+10	5.723675e-14
6.956000e+10	5.724037e-14
6.960000e+10	5.724399e-14
6.964000e+10	5.724761e-14
6.968000e+10	5.725123e-14
6.972000e+10	5.725485e-14
6.976000e+10	5.725847e-14
6.980000e+10	5.726209e-14
6.984000e+10	5.726571e-14
6.988000e+10	5.726933e-14
6.992000e+10	5.727295e-14
6.996000e+10	5.727657e-14
7.000000e+10	5.728019e-14
7.004000e+10	5.728381e-14
7.008000e+10	5.728743e-14
7.012000e+10	5.729105e-14
7.016000e+10	5.729467e-14
7.020000e+10	5.729829e-14
7.024000e+10	5.730191e-14
7.028000e+10	5.730553e-14
7.032000e+10	5.730915e-14
7.036000e+10	5.731278e-14
7.040000e+10	5.731640e-14
7.044000e+10	5.732002e-14
7.048000e+10	5.732364e-14
7.052000e+10	5.732726e-14
7.056000e+10	5.733088e-14
7.060000e+10	5.733450e-14
7.064000e+10	5.733812e-14
7.068000e+10	5.734174e-14
7.072000e+10	5.734536e-14
7.076000e+10	5.734898e-14
7.080000e+10	5.735260e-14
7.084000e+10	5.735622e-14
7.088000e+10	5.735984e-14
7.092000e+10	5.736346e-14
7.096000e+10	5.736708e-14
7.100000e+10	5.737070e-14
7.104000e+10	5.737432e-14
7.108000e+10	5.737794e-14
7.112000e+10	5.738156e-14
7.116000e+10	5.738518e-14
7.120000e+10	5.738881e-14
7.124000e+10	5.739243e-14
7.128000e+10	5.739605e-14
7.132000e+10	5.739967e-14
7.136000e+10	5.740329e-14
7.140000e+10	5.740691e-14
7.144000e+10	5.741053e-14
7.148000e+10	5.741433e-14
7.152000e+10	5.741813e-14
7.156000e+10	5.742193e-14
7.160000e+10	5.742573e-14
7.164000e+10	5.742953e-14
7.168000e+10	5.743333e-14
7.172000e+10	5.743713e-14
7.176000e+10	5.744093e-14
7.180000e+10	5.744473e-14
7.184000e+10	5.744853e-14
7.188000e+10	5.745233e-14
7.192000e+10	5.745613e-14
7.196000e+10	5.745993e-14
7.200000e+10	5.746373e-14
7.204000e+10	5.746753e-14
7.208000e+10	5.747133e-14
7.212000e+10	5.747513e-14
7.216000e+10	5.747894e-14
7.220000e+10	5.748274e-14
7.224000e+10	5.748654e-14
7.228000e+10	5.749034e-14
7.232000e+10	5.749414e-14
7.236000e+10	5.749794e-14
7.240000e+10	5.750174e-14
7.244000e+10	5.750554e-14
7.248000e+10	5.750934e-14
7.252000e+10	5.751314e-14
7.256000e+10	5.751694e-14
7.260000e+10	5.752074e-14
7.264000e+10	5.752454e-14
7.268000e+10	5.752834e-14
7.272000e+10	5.753214e-14
7.276000e+10	5.753594e-14
7.280000e+10	5.753974e-14
7.284000e+10	5.754354e-14
7.288000e+10	5.754734e-14
7.292000e+10	5.755114e-14
7.296000e+10	5.755494e-14
7.300000e+10	5.755874e-14
7.304000e+10	5.756254e-14
7.308000e+10	5.756634e-14
7.312000e+10	5.757014e-14
7.316000e+10	5.757394e-14
7.320000e+10	5.757775e-14
7.324000e+10	5.758155e-14
7.328000e+10	5.758535e-14
7.332000e+10	5.758915e-14
7.336000e+10	5.759295e-14
7.340000e+10	5.759675e-14
7.344000e+10	5.760055e-14
7.348000e+10	5.760435e-14
7.352000e+10	5.760833e-14
7.356000e+10	5.761232e-14
7.360000e+10	5.761630e-14
7.364000e+10	5.762029e-14
7.368000e+10	5.762427e-14
7.372000e+10	5.762826e-14
7.376000e+10	5.763225e-14
7.380000e+10	5.763623e-14
7.384000e+10	5.764022e-14
7.388000e+10	5.764420e-14
7.392000e+10	5.764819e-14
7.396000e+10	5.765217e-14
7.400000e+10	5.765616e-14
7.404000e+10	5.766014e-14
7.408000e+10	5.766413e-14
7.412000e+10	5.766811e-14
7.416000e+10	5.767210e-14
7.420000e+10	5.767608e-14
7.424000e+10	5.768007e-14
7.428000e+10	5.768406e-14
7.432000e+10	5.768804e-14
7.436000e+10	5.769203e-14
7.440000e+10	5.769601e-14
7.444000e+10	5.770000e-14
7.448000e+10	5.770398e-14
7.452000e+10	5.770797e-14
7.456000e+10	5.771195e-14
7.460000e+10	5.771594e-14
7.464000e+10	5.771992e-14
7.468000e+10	5.772391e-14
7.472000e+10	5.772789e-14
7.476000e+10	5.773188e-14
7.480000e+10	5.773587e-14
7.484000e+10	5.773985e-14
7.488000e+10	5.774384e-14
7.492000e+10	5.774782e-14
7.496000e+10	5.775181e-14
7.500000e+10	5.775579e-14
7.504000e+10	5.775978e-14
7.508000e+10	5.776376e-14
7.512000e+10	5.776775e-14
7.516000e+10	5.777173e-14
7.520000e+10	5.777572e-14
7.524000e+10	5.777970e-14
7.528000e+10	5.778369e-14
7.532000e+10	5.778768e-14
7.536000e+10	5.779166e-14
7.540000e+10	5.779565e-14
7.544000e+10	5.779963e-14
7.548000e+10	5.780362e-14
7.552000e+10	5.780760e-14
7.556000e+10	5.781178e-14
7.560000e+10	5.781595e-14
7.564000e+10	5.782013e-14
7.568000e+10	5.782431e-14
7.572000e+10	5.782848e-14
7.576000e+10	5.783266e-14
7.580000e+10	5.783683e-14
7.584000e+10	5.784101e-14
7.588000e+10	5.784519e-14
7.592000e+10	5.784936e-14
7.596000e+10	5.785354e-14
7.600000e+10	5.785771e-14
7.604000e+10	5.786189e-14
7.608000e+10	5.786607e-14
7.612000e+10	5.787024e-14
7.616000e+10	5.787442e-14
7.620000e+10	5.787859e-14
7.624000e+10	5.788277e-14
7.628000e+10	5.788694e-14
7.632000e+10	5.789112e-14
7.636000e+10	5.789530e-14
7.640000e+10	5.789947e-14
7.644000e+10	5.790365e-14
7.648000e+10	5.790782e-14
7.652000e+10	5.791200e-14
7.656000e+10	5.791618e-14
7.660000e+10	5.792035e-14
7.664000e+10	5.792453e-14
7.668000e+10	5.792870e-14
7.672000e+10	5.793288e-14
7.676000e+10	5.793706e-14
7.680000e+10	5.794123e-14
7.684000e+10	5.794541e-14
7.688000e+10	5.794958e-14
7.692000e+10	5.795376e-14
7.696000e+10	5.795794e-14
7.700000e+10	5.796211e-14
7.704000e+10	5.796629e-14
7.708000e+10	5.797046e-14
7.712000e+10	5.797464e-14
7.716000e+10	5.797882e-14
7.720000e+10	5.798299e-14
7.724000e+10	5.798717e-14
7.728000e+10	5.799134e-14
7.732000e+10	5.799552e-14
7.736000e+10	5.799969e-14
7.740000e+10	5.800387e-14
7.744000e+10	5.800805e-14
7.748000e+10	5.801222e-14
7.752000e+10	5.801640e-14
7.756000e+10	5.802057e-14
7.760000e+10	5.802495e-14
7.764000e+10	5.802932e-14
7.768000e+10	5.803369e-14
7.772000e+10	5.803806e-14
7.776000e+10	5.804244e-14
7.780000e+10	5.804681e-14
7.784000e+10	5.805118e-14
7.788000e+10	5.805555e-14
7.792000e+10	5.805993e-14
7.796000e+10	5.806430e-14
7.800000e+10	5.806867e-14
7.804000e+10	5.807304e-14
7.808000e+10	5.807742e-14
7.812000e+10	5.808179e-14
7.816000e+10	5.808616e-14
7.820000e+10	5.809053e-14
7.824000e+10	5.809491e-14
7.828000e+10	5.809928e-14
7.832000e+10	5.810365e-14
7.836000e+10	5.810802e-14
7.840000e+10	5.811240e-14
7.844000e+10	5.811677e-14
7.848000e+10	5.812114e-14
7.852000e+10	5.812551e-14
7.856000e+10	5.812989e-14
7.860000e+10	5.813426e-14
7.864000e+10	5.813863e-14
7.868000e+10	5.814300e-14
7.872000e+10	5.814738e-14
7.876000e+10	5.815175e-14
7.880000e+10	5.815612e-14
7.884000e+10	5.816049e-14
7.888000e+10	5.816487e-14
7.892000e+10	5.816924e-14
7.896000e+10	5.817361e-14
7.900000e+10	5.817798e-14
7.904000e+10	5.818236e-14
7.908000e+10	5.818673e-14
7.912000e+10	5.819110e-14
7.916000e+10	5.819547e-14
7.920000e+10	5.819985e-14
7.924000e+10	5.820422e-14
7.928000e+10	5.820859e-14
7.932000e+10	5.821296e-14
7.936000e+10	5.821734e-14
7.940000e+10	5.822171e-14
7.944000e+10	5.822608e-14
7.948000e+10	5.823045e-14
7.952000e+10	5.823483e-14
7.956000e+10	5.823920e-14
7.960000e+10	5.824357e-14
7.964000e+10	5.824815e-14
7.968000e+10	5.825272e-14
7.972000e+10	5.825730e-14
7.976000e+10	5.826187e-14
7.980000e+10	5.826645e-14
7.984000e+10	5.827102e-14
7.988000e+10	5.827560e-14
7.992000e+10	5.828017e-14
7.996000e+10	5.828475e-14
8.000000e+10	5.828932e-14
8.004000e+10	5.829390e-14
8.008000e+10	5.829848e-14
8.012000e+10	5.830305e-14
8.016000e+10	5.830763e-14
8.020000e+10	5.831220e-14
8.024000e+10	5.831678e-14
8.028000e+10	5.832135e-14
8.032000e+10	5.832593e-14
8.036000e+10	5.833050e-14
8.040000e+10	5.833508e-14
8.044000e+10	5.833965e-14
8.048000e+10	5.834423e-14
8.052000e+10	5.834881e-14
8.056000e+10	5.835338e-14
8.060000e+10	5.835796e-14
8.064000e+10	5.836253e-14
8.068000e+10	5.836711e-14
8.072000e+10	5.837168e-14
8.076000e+10	5.837626e-14
8.080000e+10	5.838083e-14
8.084000e+10	5.838541e-14
8.088000e+10	5.838998e-14
8.092000e+10	5.839456e-14
8.096000e+10	5.839914e-14
8.100000e+10	5.840371e-14
8.104000e+10	5.840829e-14
8.108000e+10	5.841286e-14
8.112000e+10	5.841744e-14
8.116000e+10	5.842201e-14
8.120000e+10	5.842659e-14
8.124000e+10	5.843116e-14
8.128000e+10	5.843574e-14
8.132000e+10	5.844031e-14
8.136000e+10	5.844489e-14
8.140000e+10	5.844947e-14
8.144000e+10	5.845404e-14
8.148000e+10	5.845862e-14
8.152000e+10	5.846319e-14
8.156000e+10	5.846777e-14
8.160000e+10	5.847234e-14
8.164000e+10	5.847692e-14
8.168000e+10	5.848170e-14
8.172000e+10	5.848649e-14
8.176000e+10	5.849127e-14
8.180000e+10	5.849606e-14
8.184000e+10	5.850085e-14
8.188000e+10	5.850563e-14
8.192000e+10	5.851042e-14
8.196000e+10	5.851520e-14
8.200000e+10	5.851999e-14
8.204000e+10	5.852477e-14
8.208000e+10	5.852956e-14
8.212000e+10	5.853434e-14
8.216000e+10	5.853913e-14
8.220000e+10	5.854391e-14
8.224000e+10	5.854870e-14
8.228000e+10	5.855349e-14
8.232000e+10	5.855827e-14
8.236000e+10	5.856306e-14
8.240000e+10	5.856784e-14
8.244000e+10	5.857263e-14
8.248000e+10	5.857741e-14
8.252000e+10	5.858220e-14
8.256000e+10	5.858698e-14
8.260000e+10	5.859177e-14
8.264000e+10	5.859655e-14
8.268000e+10	5.860134e-14
8.272000e+10	5.860612e-14
8.276000e+10	5.861091e-14
8.280000e+10	5.861570e-14
8.284000e+10	5.862048e-14
8.288000e+10	5.862527e-14
8.292000e+10	5.863005e-14
8.296000e+10	5.863484e-14
8.300000e+10	5.863962e-14
8.304000e+10	5.864441e-14
8.308000e+10	5.864919e-14
8.312000e+10	5.865398e-14
8.316000e+10	5.865876e-14
8.320000e+10	5.866355e-14
8.324000e+10	5.866834e-14
8.328000e+10	5.867312e-14
8.332000e+10	5.867791e-14
8.336000e+10	5.868269e-14
8.340000e+10	5.868748e-14
8.344000e+10	5.869226e-14
8.348000e+10	5.869705e-14
8.352000e+10	5.870183e-14
8.356000e+10	5.870662e-14
8.360000e+10	5.871140e-14
8.364000e+10	5.871619e-14
8.368000e+10	5.872097e-14
8.372000e+10	5.872598e-14
8.376000e+10	5.873098e-14
8.380000e+10	5.873598e-14
8.384000e+10	5.874099e-14
8.388000e+10	5.874599e-14
8.392000e+10	5.875099e-14
8.396000e+10	5.875600e-14
8.400000e+10	5.876100e-14
8.404000e+10	5.876600e-14
8.408000e+10	5.877100e-14
8.412000e+10	5.877601e-14
8.416000e+10	5.878101e-14
8.420000e+10	5.878601e-14
8.424000e+10	5.879102e-14
8.428000e+10	5.879602e-14
8.432000e+10	5.880102e-14
8.436000e+10	5.880602e-14
8.440000e+10	5.881103e-14
8.444000e+10	5.881603e-14
8.448000e+10	5.882103e-14
8.452000e+10	5.882604e-14
8.456000e+10	5.883104e-14
8.460000e+10	5.883604e-14
8.464000e+10	5.884104e-14
8.468000e+10	5.884605e-14
8.472000e+10	5.885105e-14
8.476000e+10	5.885605e-14
8.480000e+10	5.886106e-14
8.484000e+10	5.886606e-14
8.488000e+10	5.887106e-14
8.492000e+10	5.887606e-14
8.496000e+10	5.888107e-14
8.500000e+10	5.888607e-14
8.504000e+10	5.889107e-14
8.508000e+10	5.889608e-14
8.512000e+10	5.890108e-14
8.516000e+10	5.890608e-14
8.520000e+10	5.891109e-14
8.524000e+10	5.891609e-14
8.528000e+10	5.892109e-14
8.532000e+10	5.892609e-14
8.536000e+10	5.893110e-14
8.540000e+10	5.893610e-14
8.544000e+10	5.894110e-14
8.548000e+10	5.894611e-14
8.552000e+10	5.895111e-14
8.556000e+10	5.895611e-14
8.560000e+10	5.896111e-14
8.564000e+10	5.896612e-14
8.568000e+10	5.897112e-14
8.572000e+10	5.897612e-14
8.576000e+10	5.898135e-14
8.580000e+10	5.898658e-14
8.584000e+10	5.899181e-14
8.588000e+10	5.899704e-14
8.592000e+10	5.900226e-14
8.596000e+10	5.900749e-14
8.600000e+10	5.901272e-14
8.604000e+10	5.901795e-14
8.608000e+10	5.902318e-14
8.612000e+10	5.902841e-14
8.616000e+10	5.903364e-14
8.620000e+10	5.903886e-14
8.624000e+10	5.904409e-14
8.628000e+10	5.904932e-14
8.632000e+10	5.905455e-14
8.636000e+10	5.905978e-14
8.640000e+10	5.906501e-14
8.644000e+10	5.907023e-14
8.648000e+10	5.907546e-14
8.652000e+10	5.908069e-14
8.656000e+10	5.908592e-14
8.660000e+10	5.909115e-14
8.664000e+10	5.909638e-14
8.668000e+10	5.910161e-14
8.672000e+10	5.910683e-14
8.676000e+10	5.911206e-14
8.680000e+10	5.911729e-14
8.684000e+10	5.912252e-14
8.688000e+10	5.912775e-14
8.692000e+10	5.913298e-14
8.696000e+10	5.913820e-14
8.700000e+10	5.914343e-14
8.704000e+10	5.914866e-14
8.708000e+10	5.915389e-14
8.712000e+10	5.915912e-14
8.716000e+10	5.916435e-14
8.720000e+10	5.916958e-14
8.724000e+10	5.917480e-14
8.728000e+10	5.918003e-14
8.732000e+10	5.918526e-14
8.736000e+10	5.919049e-14
8.740000e+10	5.919572e-14
8.744000e+10	5.920095e-14
8.748000e+10	5.920617e-14
8.752000e+10	5.921140e-14
8.756000e+10	5.921663e-14
8.760000e+10	5.922186e-14
8.764000e+10	5.922709e-14
8.768000e+10	5.923232e-14
8.772000e+10	5.923755e-14
8.776000e+10	5.924277e-14
8.780000e+10	5.924824e-14
8.784000e+10	5.925370e-14
8.788000e+10	5.925916e-14
8.792000e+10	5.926462e-14
8.796000e+10	5.927009e-14
8.800000e+10	5.927555e-14
8.804000e+10	5.928101e-14
8.808000e+10	5.928648e-14
8.812000e+10	5.929194e-14
8.816000e+10	5.929740e-14
8.820000e+10	5.930286e-14
8.824000e+10	5.930833e-14
8.828000e+10	5.931379e-14
8.832000e+10	5.931925e-14
8.836000e+10	5.932471e-14
8.840000e+10	5.933018e-14
8.844000e+10	5.933564e-14
8.848000e+10	5.934110e-14
8.852000e+10	5.934657e-14
8.856000e+10	5.935203e-14
8.860000e+10	5.935749e-14
8.864000e+10	5.936295e-14
8.868000e+10	5.936842e-14
8.872000e+10	5.937388e-14
8.876000e+10	5.937934e-14
8.880000e+10	5.938480e-14
8.884000e+10	5.939027e-14
8.888000e+10	5.939573e-14
8.892000e+10	5.940119e-14
8.896000e+10	5.940665e-14
8.900000e+10	5.941212e-14
8.904000e+10	5.941758e-14
8.908000e+10	5.942304e-14
8.912000e+10	5.942851e-14
8.916000e+10	5.943397e-14
8.920000e+10	5.943943e-14
8.924000e+10	5.944489e-14
8.928000e+10	5.945036e-14
8.932000e+10	5.945582e-14
8.936000e+10	5.946128e-14
8.940000e+10	5.946674e-14
8.944000e+10	5.947221e-14
8.948000e+10	5.947767e-14
8.952000e+10	5.948313e-14
8.956000e+10	5.948860e-14
8.960000e+10	5.949406e-14
8.964000e+10	5.949952e-14
8.968000e+10	5.950498e-14
8.972000e+10	5.951045e-14
8.976000e+10	5.951591e-14
8.980000e+10	5.952137e-14
8.984000e+10	5.952708e-14
8.988000e+10	5.953278e-14
8.992000e+10	5.953849e-14
8.996000e+10	5.954420e-14
9.000000e+10	5.954990e-14
9.004000e+10	5.955561e-14
9.008000e+10	5.956132e-14
9.012000e+10	5.956702e-14
9.016000e+10	5.957273e-14
9.020000e+10	5.957843e-14
9.024000e+10	5.958414e-14
9.028000e+10	5.958985e-14
9.032000e+10	5.959555e-14
9.036000e+10	5.960126e-14
9.040000e+10	5.960697e-14
9.044000e+10	5.961267e-14
9.048000e+10	5.961838e-14
9.052000e+10	5.962408e-14
9.056000e+10	5.962979e-14
9.060000e+10	5.963550e-14
9.064000e+10	5.964120e-14
9.068000e+10	5.964691e-14
9.072000e+10	5.965262e-14
9.076000e+10	5.965832e-14
9.080000e+10	5.966403e-14
9.084000e+10	5.966974e-14
9.088000e+10	5.967544e-14
9.092000e+10	5.968115e-14
9.096000e+10	5.968685e-14
9.100000e+10	5.969256e-14
9.104000e+10	5.969827e-14
9.108000e+10	5.970397e-14
9.112000e+10	5.970968e-14
9.116000e+10	5.971539e-14
9.120000e+10	5.972109e-14
9.124000e+10	5.972680e-14
9.128000e+10	5.973250e-14
9.132000e+10	5.973821e-14
9.136000e+10	5.974392e-14
9.140000e+10	5.974962e-14
9.144000e+10	5.975533e-14
9.148000e+10	5.976104e-14
9.152000e+10	5.976674e-14
9.156000e+10	5.977245e-14
9.160000e+10	5.977816e-14
9.164000e+10	5.978386e-14
9.168000e+10	5.978957e-14
9.172000e+10	5.979527e-14
9.176000e+10	5.980098e-14
9.180000e+10	5.980669e-14
9.184000e+10	5.981239e-14
9.188000e+10	5.981835e-14
9.192000e+10	5.982431e-14
9.196000e+10	5.983027e-14
9.200000e+10	5.983623e-14
9.204000e+10	5.984219e-14
9.208000e+10	5.984815e-14
9.212000e+10	5.985411e-14
9.216000e+10	5.986007e-14
9.220000e+10	5.986603e-14
9.224000e+10	5.987199e-14
9.228000e+10	5.987795e-14
9.232000e+10	5.988391e-14
9.236000e+10	5.988987e-14
9.240000e+10	5.989583e-14
9.244000e+10	5.990179e-14
9.248000e+10	5.990775e-14
9.252000e+10	5.991371e-14
9.256000e+10	5.991967e-14
9.260000e+10	5.992563e-14
9.264000e+10	5.993159e-14
9.268000e+10	5.993755e-14
9.272000e+10	5.994351e-14
9.276000e+10	5.994947e-14
9.280000e+10	5.995543e-14
9.284000e+10	5.996139e-14
9.288000e+10	5.996735e-14
9.292000e+10	5.997331e-14
9.296000e+10	5.997927e-14
9.300000e+10	5.998523e-14
9.304000e+10	5.999119e-14
9.308000e+10	5.999715e-14
9.312000e+10	6.000311e-14
9.316000e+10	6.000907e-14
9.320000e+10	6.001503e-14
9.324000e+10	6.002099e-14
9.328000e+10	6.002695e-14
9.332000e+10	6.003291e-14
9.336000e+10	6.003887e-14
9.340000e+10	6.004483e-14
9.344000e+10	6.005079e-14
9.348000e+10	6.005675e-14
9.352000e+10	6.006271e-14
9.356000e+10	6.006867e-14
9.360000e+10	6.007463e-14
9.364000e+10	6.008059e-14
9.368000e+10	6.008655e-14
9.372000e+10	6.009251e-14
9.376000e+10	6.009847e-14
9.380000e+10	6.010443e-14
9.384000e+10	6.011039e-14
9.388000e+10	6.011635e-14
9.392000e+10	6.012258e-14
9.396000e+10	6.012880e-14
9.400000e+10	6.013503e-14
9.404000e+10	6.014125e-14
9.408000e+10	6.014747e-14
9.412000e+10	6.015370e-14
9.416000e+10	6.015992e-14
9.420000e+10	6.016615e-14
9.424000e+10	6.017237e-14
9.428000e+10	6.017860e-14
9.432000e+10	6.018482e-14
9.436000e+10	6.019105e-14
9.440000e+10	6.019727e-14
9.444000e+10	6.020349e-14
9.448000e+10	6.020972e-14
9.452000e+10	6.021594e-14
9.456000e+10	6.022217e-14
9.460000e+10	6.022839e-14
9.464000e+10	6.023462e-14
9.468000e+10	6.024084e-14
9.472000e+10	6.024707e-14
9.476000e+10	6.025329e-14
9.480000e+10	6.025951e-14
9.484000e+10	6.026574e-14
9.488000e+10	6.027196e-14
9.492000e+10	6.027819e-14
9.496000e+10	6.028441e-14
9.500000e+10	6.029064e-14
9.504000e+10	6.029686e-14
9.508000e+10	6.030309e-14
9.512000e+10	6.030931e-14
9.516000e+10	6.031554e-14
9.520000e+10	6.032176e-14
9.524000e+10	6.032798e-14
9.528000e+10	6.033421e-14
9.532000e+10	6.034043e-14
9.536000e+10	6.034666e-14
9.540000e+10	6.035288e-14
9.544000e+10	6.035911e-14
9.548000e+10	6.036533e-14
9.552000e+10	6.037156e-14
9.556000e+10	6.037778e-14
9.560000e+10	6.038400e-14
9.564000e+10	6.039023e-14
9.568000e+10	6.039645e-14
9.572000e+10	6.040268e-14
9.576000e+10	6.040890e-14
9.580000e+10	6.041513e-14
9.584000e+10	6.042135e-14
9.588000e+10	6.042758e-14
9.592000e+10	6.043380e-14
9.596000e+10	6.044030e-14
9.600000e+10	6.044680e-14
9.604000e+10	6.045330e-14
9.608000e+10	6.045980e-14
9.612000e+10	6.046630e-14
9.616000e+10	6.047280e-14
9.620000e+10	6.047930e-14
9.624000e+10	6.048581e-14
9.628000e+10	6.049231e-14
9.632000e+10	6.049881e-14
9.636000e+10	6.050531e-14
9.640000e+10	6.051181e-14
9.644000e+10	6.051831e-14
9.648000e+10	6.052481e-14
9.652000e+10	6.053131e-14
9.656000e+10	6.053781e-14
9.660000e+10	6.054431e-14
9.664000e+10	6.055081e-14
9.668000e+10	6.055731e-14
9.672000e+10	6.056381e-14
9.676000e+10	6.057031e-14
9.680000e+10	6.057681e-14
9.684000e+10	6.058332e-14
9.688000e+10	6.058982e-14
9.692000e+10	6.059632e-14
9.696000e+10	6.060282e-14
9.700000e+10	6.060932e-14
9.704000e+10	6.061582e-14
9.708000e+10	6.062232e-14
9.712000e+10	6.062882e-14
9.716000e+10	6.063532e-14
9.720000e+10	6.064182e-14
9.724000e+10	6.064832e-14
9.728000e+10	6.065482e-14
9.732000e+10	6.066132e-14
9.736000e+10	6.066782e-14
9.740000e+10	6.067432e-14
9.744000e+10	6.068083e-14
9.748000e+10	6.068733e-14
9.752000e+10	6.069383e-14
9.756000e+10	6.070033e-14
9.760000e+10	6.070683e-14
9.764000e+10	6.071333e-14
9.768000e+10	6.071983e-14
9.772000e+10	6.072633e-14
9.776000e+10	6.073283e-14
9.780000e+10	6.073933e-14
9.784000e+10	6.074583e-14
9.788000e+10	6.075233e-14
9.792000e+10	6.075883e-14
9.796000e+10	6.076533e-14
9.800000e+10	6.077212e-14
9.804000e+10	6.077891e-14
9.808000e+10	6.078570e-14
9.812000e+10	6.079249e-14
9.816000e+10	6.079928e-14
9.820000e+10	6.080607e-14
9.824000e+10	6.081286e-14
9.828000e+10	6.081965e-14
9.832000e+10	6.082644e-14
9.836000e+10	6.083323e-14
9.840000e+10	6.084002e-14
9.844000e+10	6.084681e-14
9.848000e+10	6.085360e-14
9.852000e+10	6.086039e-14
9.856000e+10	6.086717e-14
9.860000e+10	6.087396e-14
9.864000e+10	6.088075e-14
9.868000e+10	6.088754e-14
9.872000e+10	6.089433e-14
9.876000e+10	6.090112e-14
9.880000e+10	6.090791e-14
9.884000e+10	6.091470e-14
9.888000e+10	6.092149e-14
9.892000e+10	6.092828e-14
9.896000e+10	6.093507e-14
9.900000e+10	6.094186e-14
9.904000e+10	6.094865e-14
9.908000e+10	6.095544e-14
9.912000e+10	6.096223e-14
9.916000e+10	6.096902e-14
9.920000e+10	6.097580e-14
9.924000e+10	6.098259e-14
9.928000e+10	6.098938e-14
9.932000e+10	6.099617e-14
9.936000e+10	6.100296e-14
9.940000e+10	6.100975e-14
9.944000e+10	6.101654e-14
9.948000e+10	6.102333e-14
9.952000e+10	6.103012e-14
9.956000e+10	6.103691e-14
9.960000e+10	6.104370e-14
9.964000e+10	6.105049e-14
9.968000e+10	6.105728e-14
9.972000e+10	6.106407e-14
9.976000e+10	6.107086e-14
9.980000e+10	6.107765e-14
9.984000e+10	6.108443e-14
9.988000e+10	6.109122e-14
9.992000e+10	6.109801e-14
9.996000e+10	6.110480e-14
1.000000e+11	6.111159e-14
