4.000000e+07	2.944035e-14
8.000000e+07	2.941239e-14
1.200000e+08	2.938443e-14
1.600000e+08	2.935647e-14
2.000000e+08	2.932851e-14
2.400000e+08	2.930055e-14
2.800000e+08	2.927259e-14
3.200000e+08	2.924463e-14
3.600000e+08	2.921667e-14
4.000000e+08	2.918870e-14
4.400000e+08	2.916074e-14
4.800000e+08	2.913278e-14
5.200000e+08	2.910482e-14
5.600000e+08	2.907686e-14
6.000000e+08	2.904890e-14
6.400000e+08	2.902094e-14
6.800000e+08	2.899298e-14
7.200000e+08	2.896502e-14
7.600000e+08	2.893706e-14
8.000000e+08	2.890910e-14
8.400000e+08	2.888114e-14
8.800000e+08	2.885318e-14
9.200000e+08	2.882522e-14
9.600000e+08	2.879726e-14
1.000000e+09	2.876930e-14
1.040000e+09	2.874134e-14
1.080000e+09	2.871338e-14
1.120000e+09	2.868542e-14
1.160000e+09	2.865746e-14
1.200000e+09	2.862950e-14
1.240000e+09	2.860154e-14
1.280000e+09	2.857358e-14
1.320000e+09	2.854562e-14
1.360000e+09	2.851766e-14
1.400000e+09	2.848970e-14
1.440000e+09	2.846174e-14
1.480000e+09	2.843377e-14
1.520000e+09	2.840581e-14
1.560000e+09	2.837785e-14
1.600000e+09	2.834989e-14
1.640000e+09	2.832193e-14
1.680000e+09	2.829397e-14
1.720000e+09	2.826601e-14
1.760000e+09	2.823805e-14
1.800000e+09	2.821009e-14
1.840000e+09	2.818213e-14
1.880000e+09	2.815417e-14
1.920000e+09	2.812621e-14
1.960000e+09	2.809825e-14
2.000000e+09	2.807029e-14
2.040000e+09	2.804233e-14
2.080000e+09	2.801437e-14
2.120000e+09	2.800965e-14
2.160000e+09	2.800494e-14
2.200000e+09	2.800022e-14
2.240000e+09	2.799551e-14
2.280000e+09	2.799079e-14
2.320000e+09	2.798608e-14
2.360000e+09	2.798136e-14
2.400000e+09	2.797665e-14
2.440000e+09	2.797193e-14
2.480000e+09	2.796722e-14
2.520000e+09	2.796250e-14
2.560000e+09	2.795779e-14
2.600000e+09	2.795307e-14
2.640000e+09	2.794836e-14
2.680000e+09	2.794364e-14
2.720000e+09	2.793893e-14
2.760000e+09	2.793421e-14
2.800000e+09	2.792950e-14
2.840000e+09	2.792478e-14
2.880000e+09	2.792007e-14
2.920000e+09	2.791535e-14
2.960000e+09	2.791064e-14
3.000000e+09	2.790592e-14
3.040000e+09	2.790121e-14
3.080000e+09	2.789649e-14
3.120000e+09	2.789178e-14
3.160000e+09	2.788706e-14
3.200000e+09	2.788235e-14
3.240000e+09	2.787763e-14
3.280000e+09	2.787292e-14
3.320000e+09	2.786820e-14
3.360000e+09	2.786349e-14
3.400000e+09	2.785877e-14
3.440000e+09	2.785406e-14
3.480000e+09	2.784934e-14
3.520000e+09	2.784463e-14
3.560000e+09	2.783991e-14
3.600000e+09	2.783520e-14
3.640000e+09	2.783048e-14
3.680000e+09	2.782577e-14
3.720000e+09	2.782105e-14
3.760000e+09	2.781634e-14
3.800000e+09	2.781162e-14
3.840000e+09	2.780690e-14
3.880000e+09	2.780219e-14
3.920000e+09	2.779747e-14
3.960000e+09	2.779276e-14
4.000000e+09	2.778804e-14
4.040000e+09	2.778333e-14
4.080000e+09	2.777861e-14
4.120000e+09	2.777390e-14
4.160000e+09	2.777126e-14
4.200000e+09	2.776862e-14
4.240000e+09	2.776598e-14
4.280000e+09	2.776334e-14
4.320000e+09	2.776070e-14
4.360000e+09	2.775806e-14
4.400000e+09	2.775543e-14
4.440000e+09	2.775279e-14
4.480000e+09	2.775015e-14
4.520000e+09	2.774751e-14
4.560000e+09	2.774487e-14
4.600000e+09	2.774223e-14
4.640000e+09	2.773959e-14
4.680000e+09	2.773695e-14
4.720000e+09	2.773431e-14
4.760000e+09	2.773167e-14
4.800000e+09	2.772904e-14
4.840000e+09	2.772640e-14
4.880000e+09	2.772376e-14
4.920000e+09	2.772112e-14
4.960000e+09	2.771848e-14
5.000000e+09	2.771584e-14
5.040000e+09	2.771320e-14
5.080000e+09	2.771056e-14
5.120000e+09	2.770792e-14
5.160000e+09	2.770528e-14
5.200000e+09	2.770265e-14
5.240000e+09	2.770001e-14
5.280000e+09	2.769737e-14
5.320000e+09	2.769473e-14
5.360000e+09	2.769209e-14
5.400000e+09	2.768945e-14
5.440000e+09	2.768681e-14
5.480000e+09	2.768417e-14
5.520000e+09	2.768153e-14
5.560000e+09	2.767889e-14
5.600000e+09	2.767625e-14
5.640000e+09	2.767362e-14
5.680000e+09	2.767098e-14
5.720000e+09	2.766834e-14
5.760000e+09	2.766570e-14
5.800000e+09	2.766306e-14
5.840000e+09	2.766042e-14
5.880000e+09	2.765778e-14
5.920000e+09	2.765514e-14
5.960000e+09	2.765250e-14
6.000000e+09	2.764986e-14
6.040000e+09	2.764723e-14
6.080000e+09	2.764459e-14
6.120000e+09	2.764195e-14
6.160000e+09	2.763931e-14
6.200000e+09	2.763757e-14
6.240000e+09	2.763584e-14
6.280000e+09	2.763411e-14
6.320000e+09	2.763237e-14
6.360000e+09	2.763064e-14
6.400000e+09	2.762891e-14
6.440000e+09	2.762717e-14
6.480000e+09	2.762544e-14
6.520000e+09	2.762370e-14
6.560000e+09	2.762197e-14
6.600000e+09	2.762024e-14
6.640000e+09	2.761850e-14
6.680000e+09	2.761677e-14
6.720000e+09	2.761503e-14
6.760000e+09	2.761330e-14
6.800000e+09	2.761157e-14
6.840000e+09	2.760983e-14
6.880000e+09	2.760810e-14
6.920000e+09	2.760637e-14
6.960000e+09	2.760463e-14
7.000000e+09	2.760290e-14
7.040000e+09	2.760116e-14
7.080000e+09	2.759943e-14
7.120000e+09	2.759770e-14
7.160000e+09	2.759596e-14
7.200000e+09	2.759423e-14
7.240000e+09	2.759250e-14
7.280000e+09	2.759076e-14
7.320000e+09	2.758903e-14
7.360000e+09	2.758729e-14
7.400000e+09	2.758556e-14
7.440000e+09	2.758383e-14
7.480000e+09	2.758209e-14
7.520000e+09	2.758036e-14
7.560000e+09	2.757862e-14
7.600000e+09	2.757689e-14
7.640000e+09	2.757516e-14
7.680000e+09	2.757342e-14
7.720000e+09	2.757169e-14
7.760000e+09	2.756996e-14
7.800000e+09	2.756822e-14
7.840000e+09	2.756649e-14
7.880000e+09	2.756475e-14
7.920000e+09	2.756302e-14
7.960000e+09	2.756129e-14
8.000000e+09	2.755955e-14
8.040000e+09	2.755782e-14
8.080000e+09	2.755609e-14
8.120000e+09	2.755435e-14
8.160000e+09	2.755262e-14
8.200000e+09	2.755088e-14
8.240000e+09	2.754968e-14
8.280000e+09	2.754849e-14
8.320000e+09	2.754729e-14
8.360000e+09	2.754609e-14
8.400000e+09	2.754489e-14
8.440000e+09	2.754369e-14
8.480000e+09	2.754249e-14
8.520000e+09	2.754129e-14
8.560000e+09	2.754009e-14
8.600000e+09	2.753889e-14
8.640000e+09	2.753769e-14
8.680000e+09	2.753649e-14
8.720000e+09	2.753529e-14
8.760000e+09	2.753409e-14
8.800000e+09	2.753289e-14
8.840000e+09	2.753169e-14
8.880000e+09	2.753049e-14
8.920000e+09	2.752929e-14
8.960000e+09	2.752810e-14
9.000000e+09	2.752690e-14
9.040000e+09	2.752570e-14
9.080000e+09	2.752450e-14
9.120000e+09	2.752330e-14
9.160000e+09	2.752210e-14
9.200000e+09	2.752090e-14
9.240000e+09	2.751970e-14
9.280000e+09	2.751850e-14
9.320000e+09	2.751730e-14
9.360000e+09	2.751610e-14
9.400000e+09	2.751490e-14
9.440000e+09	2.751370e-14
9.480000e+09	2.751250e-14
9.520000e+09	2.751130e-14
9.560000e+09	2.751010e-14
9.600000e+09	2.750890e-14
9.640000e+09	2.750771e-14
9.680000e+09	2.750651e-14
9.720000e+09	2.750531e-14
9.760000e+09	2.750411e-14
9.800000e+09	2.750291e-14
9.840000e+09	2.750171e-14
9.880000e+09	2.750051e-14
9.920000e+09	2.749931e-14
9.960000e+09	2.749811e-14
1.000000e+10	2.749691e-14
1.004000e+10	2.749571e-14
1.008000e+10	2.749451e-14
1.012000e+10	2.749331e-14
1.016000e+10	2.749211e-14
1.020000e+10	2.749091e-14
1.024000e+10	2.748971e-14
1.028000e+10	2.748888e-14
1.032000e+10	2.748805e-14
1.036000e+10	2.748722e-14
1.040000e+10	2.748639e-14
1.044000e+10	2.748556e-14
1.048000e+10	2.748473e-14
1.052000e+10	2.748390e-14
1.056000e+10	2.748307e-14
1.060000e+10	2.748224e-14
1.064000e+10	2.748141e-14
1.068000e+10	2.748057e-14
1.072000e+10	2.747974e-14
1.076000e+10	2.747891e-14
1.080000e+10	2.747808e-14
1.084000e+10	2.747725e-14
1.088000e+10	2.747642e-14
1.092000e+10	2.747559e-14
1.096000e+10	2.747476e-14
1.100000e+10	2.747393e-14
1.104000e+10	2.747310e-14
1.108000e+10	2.747227e-14
1.112000e+10	2.747144e-14
1.116000e+10	2.747060e-14
1.120000e+10	2.746977e-14
1.124000e+10	2.746894e-14
1.128000e+10	2.746811e-14
1.132000e+10	2.746728e-14
1.136000e+10	2.746645e-14
1.140000e+10	2.746562e-14
1.144000e+10	2.746479e-14
1.148000e+10	2.746396e-14
1.152000e+10	2.746313e-14
1.156000e+10	2.746230e-14
1.160000e+10	2.746146e-14
1.164000e+10	2.746063e-14
1.168000e+10	2.745980e-14
1.172000e+10	2.745897e-14
1.176000e+10	2.745814e-14
1.180000e+10	2.745731e-14
1.184000e+10	2.745648e-14
1.188000e+10	2.745565e-14
1.192000e+10	2.745482e-14
1.196000e+10	2.745399e-14
1.200000e+10	2.745316e-14
1.204000e+10	2.745233e-14
1.208000e+10	2.745149e-14
1.212000e+10	2.745066e-14
1.216000e+10	2.744983e-14
1.220000e+10	2.744900e-14
1.224000e+10	2.744817e-14
1.228000e+10	2.744734e-14
1.232000e+10	2.744679e-14
1.236000e+10	2.744624e-14
1.240000e+10	2.744569e-14
1.244000e+10	2.744514e-14
1.248000e+10	2.744459e-14
1.252000e+10	2.744403e-14
1.256000e+10	2.744348e-14
1.260000e+10	2.744293e-14
1.264000e+10	2.744238e-14
1.268000e+10	2.744183e-14
1.272000e+10	2.744128e-14
1.276000e+10	2.744073e-14
1.280000e+10	2.744018e-14
1.284000e+10	2.743963e-14
1.288000e+10	2.743908e-14
1.292000e+10	2.743852e-14
1.296000e+10	2.743797e-14
1.300000e+10	2.743742e-14
1.304000e+10	2.743687e-14
1.308000e+10	2.743632e-14
1.312000e+10	2.743577e-14
1.316000e+10	2.743522e-14
1.320000e+10	2.743467e-14
1.324000e+10	2.743412e-14
1.328000e+10	2.743357e-14
1.332000e+10	2.743302e-14
1.336000e+10	2.743246e-14
1.340000e+10	2.743191e-14
1.344000e+10	2.743136e-14
1.348000e+10	2.743081e-14
1.352000e+10	2.743026e-14
1.356000e+10	2.742971e-14
1.360000e+10	2.742916e-14
1.364000e+10	2.742861e-14
1.368000e+10	2.742806e-14
1.372000e+10	2.742751e-14
1.376000e+10	2.742696e-14
1.380000e+10	2.742640e-14
1.384000e+10	2.742585e-14
1.388000e+10	2.742530e-14
1.392000e+10	2.742475e-14
1.396000e+10	2.742420e-14
1.400000e+10	2.742365e-14
1.404000e+10	2.742310e-14
1.408000e+10	2.742255e-14
1.412000e+10	2.742200e-14
1.416000e+10	2.742145e-14
1.420000e+10	2.742090e-14
1.424000e+10	2.742034e-14
1.428000e+10	2.741979e-14
1.432000e+10	2.741924e-14
1.436000e+10	2.741892e-14
1.440000e+10	2.741859e-14
1.444000e+10	2.741827e-14
1.448000e+10	2.741795e-14
1.452000e+10	2.741762e-14
1.456000e+10	2.741730e-14
1.460000e+10	2.741698e-14
1.464000e+10	2.741665e-14
1.468000e+10	2.741633e-14
1.472000e+10	2.741600e-14
1.476000e+10	2.741568e-14
1.480000e+10	2.741536e-14
1.484000e+10	2.741503e-14
1.488000e+10	2.741471e-14
1.492000e+10	2.741439e-14
1.496000e+10	2.741406e-14
1.500000e+10	2.741374e-14
1.504000e+10	2.741341e-14
1.508000e+10	2.741309e-14
1.512000e+10	2.741277e-14
1.516000e+10	2.741244e-14
1.520000e+10	2.741212e-14
1.524000e+10	2.741180e-14
1.528000e+10	2.741147e-14
1.532000e+10	2.741115e-14
1.536000e+10	2.741082e-14
1.540000e+10	2.741050e-14
1.544000e+10	2.741018e-14
1.548000e+10	2.740985e-14
1.552000e+10	2.740953e-14
1.556000e+10	2.740921e-14
1.560000e+10	2.740888e-14
1.564000e+10	2.740856e-14
1.568000e+10	2.740823e-14
1.572000e+10	2.740791e-14
1.576000e+10	2.740759e-14
1.580000e+10	2.740726e-14
1.584000e+10	2.740694e-14
1.588000e+10	2.740662e-14
1.592000e+10	2.740629e-14
1.596000e+10	2.740597e-14
1.600000e+10	2.740564e-14
1.604000e+10	2.740532e-14
1.608000e+10	2.740500e-14
1.612000e+10	2.740467e-14
1.616000e+10	2.740435e-14
1.620000e+10	2.740403e-14
1.624000e+10	2.740370e-14
1.628000e+10	2.740338e-14
1.632000e+10	2.740305e-14
1.636000e+10	2.740273e-14
1.640000e+10	2.740260e-14
1.644000e+10	2.740247e-14
1.648000e+10	2.740234e-14
1.652000e+10	2.740221e-14
1.656000e+10	2.740208e-14
1.660000e+10	2.740195e-14
1.664000e+10	2.740182e-14
1.668000e+10	2.740169e-14
1.672000e+10	2.740156e-14
1.676000e+10	2.740143e-14
1.680000e+10	2.740130e-14
1.684000e+10	2.740117e-14
1.688000e+10	2.740103e-14
1.692000e+10	2.740090e-14
1.696000e+10	2.740077e-14
1.700000e+10	2.740064e-14
1.704000e+10	2.740051e-14
1.708000e+10	2.740038e-14
1.712000e+10	2.740025e-14
1.716000e+10	2.740012e-14
1.720000e+10	2.739999e-14
1.724000e+10	2.739986e-14
1.728000e+10	2.739973e-14
1.732000e+10	2.739960e-14
1.736000e+10	2.739947e-14
1.740000e+10	2.739934e-14
1.744000e+10	2.739921e-14
1.748000e+10	2.739908e-14
1.752000e+10	2.739895e-14
1.756000e+10	2.739882e-14
1.760000e+10	2.739869e-14
1.764000e+10	2.739856e-14
1.768000e+10	2.739843e-14
1.772000e+10	2.739830e-14
1.776000e+10	2.739816e-14
1.780000e+10	2.739803e-14
1.784000e+10	2.739790e-14
1.788000e+10	2.739777e-14
1.792000e+10	2.739764e-14
1.796000e+10	2.739751e-14
1.800000e+10	2.739738e-14
1.804000e+10	2.739725e-14
1.808000e+10	2.739712e-14
1.812000e+10	2.739699e-14
1.816000e+10	2.739686e-14
1.820000e+10	2.739673e-14
1.824000e+10	2.739660e-14
1.828000e+10	2.739647e-14
1.832000e+10	2.739634e-14
1.836000e+10	2.739621e-14
1.840000e+10	2.739608e-14
1.844000e+10	2.739612e-14
1.848000e+10	2.739616e-14
1.852000e+10	2.739620e-14
1.856000e+10	2.739624e-14
1.860000e+10	2.739628e-14
1.864000e+10	2.739632e-14
1.868000e+10	2.739636e-14
1.872000e+10	2.739640e-14
1.876000e+10	2.739644e-14
1.880000e+10	2.739648e-14
1.884000e+10	2.739652e-14
1.888000e+10	2.739656e-14
1.892000e+10	2.739660e-14
1.896000e+10	2.739664e-14
1.900000e+10	2.739668e-14
1.904000e+10	2.739672e-14
1.908000e+10	2.739676e-14
1.912000e+10	2.739680e-14
1.916000e+10	2.739684e-14
1.920000e+10	2.739688e-14
1.924000e+10	2.739692e-14
1.928000e+10	2.739696e-14
1.932000e+10	2.739700e-14
1.936000e+10	2.739704e-14
1.940000e+10	2.739708e-14
1.944000e+10	2.739712e-14
1.948000e+10	2.739716e-14
1.952000e+10	2.739720e-14
1.956000e+10	2.739724e-14
1.960000e+10	2.739728e-14
1.964000e+10	2.739732e-14
1.968000e+10	2.739736e-14
1.972000e+10	2.739740e-14
1.976000e+10	2.739744e-14
1.980000e+10	2.739748e-14
1.984000e+10	2.739752e-14
1.988000e+10	2.739756e-14
1.992000e+10	2.739760e-14
1.996000e+10	2.739764e-14
2.000000e+10	2.739768e-14
2.004000e+10	2.739772e-14
2.008000e+10	2.739776e-14
2.012000e+10	2.739780e-14
2.016000e+10	2.739784e-14
2.020000e+10	2.739788e-14
2.024000e+10	2.739792e-14
2.028000e+10	2.739796e-14
2.032000e+10	2.739800e-14
2.036000e+10	2.739804e-14
2.040000e+10	2.739808e-14
2.044000e+10	2.739812e-14
2.048000e+10	2.739831e-14
2.052000e+10	2.739850e-14
2.056000e+10	2.739870e-14
2.060000e+10	2.739889e-14
2.064000e+10	2.739909e-14
2.068000e+10	2.739928e-14
2.072000e+10	2.739948e-14
2.076000e+10	2.739967e-14
2.080000e+10	2.739986e-14
2.084000e+10	2.740006e-14
2.088000e+10	2.740025e-14
2.092000e+10	2.740045e-14
2.096000e+10	2.740064e-14
2.100000e+10	2.740084e-14
2.104000e+10	2.740103e-14
2.108000e+10	2.740122e-14
2.112000e+10	2.740142e-14
2.116000e+10	2.740161e-14
2.120000e+10	2.740181e-14
2.124000e+10	2.740200e-14
2.128000e+10	2.740220e-14
2.132000e+10	2.740239e-14
2.136000e+10	2.740258e-14
2.140000e+10	2.740278e-14
2.144000e+10	2.740297e-14
2.148000e+10	2.740317e-14
2.152000e+10	2.740336e-14
2.156000e+10	2.740356e-14
2.160000e+10	2.740375e-14
2.164000e+10	2.740394e-14
2.168000e+10	2.740414e-14
2.172000e+10	2.740433e-14
2.176000e+10	2.740453e-14
2.180000e+10	2.740472e-14
2.184000e+10	2.740492e-14
2.188000e+10	2.740511e-14
2.192000e+10	2.740530e-14
2.196000e+10	2.740550e-14
2.200000e+10	2.740569e-14
2.204000e+10	2.740589e-14
2.208000e+10	2.740608e-14
2.212000e+10	2.740628e-14
2.216000e+10	2.740647e-14
2.220000e+10	2.740666e-14
2.224000e+10	2.740686e-14
2.228000e+10	2.740705e-14
2.232000e+10	2.740725e-14
2.236000e+10	2.740744e-14
2.240000e+10	2.740764e-14
2.244000e+10	2.740783e-14
2.248000e+10	2.740802e-14
2.252000e+10	2.740836e-14
2.256000e+10	2.740870e-14
2.260000e+10	2.740904e-14
2.264000e+10	2.740937e-14
2.268000e+10	2.740971e-14
2.272000e+10	2.741005e-14
2.276000e+10	2.741038e-14
2.280000e+10	2.741072e-14
2.284000e+10	2.741106e-14
2.288000e+10	2.741139e-14
2.292000e+10	2.741173e-14
2.296000e+10	2.741207e-14
2.300000e+10	2.741241e-14
2.304000e+10	2.741274e-14
2.308000e+10	2.741308e-14
2.312000e+10	2.741342e-14
2.316000e+10	2.741375e-14
2.320000e+10	2.741409e-14
2.324000e+10	2.741443e-14
2.328000e+10	2.741477e-14
2.332000e+10	2.741510e-14
2.336000e+10	2.741544e-14
2.340000e+10	2.741578e-14
2.344000e+10	2.741611e-14
2.348000e+10	2.741645e-14
2.352000e+10	2.741679e-14
2.356000e+10	2.741712e-14
2.360000e+10	2.741746e-14
2.364000e+10	2.741780e-14
2.368000e+10	2.741814e-14
2.372000e+10	2.741847e-14
2.376000e+10	2.741881e-14
2.380000e+10	2.741915e-14
2.384000e+10	2.741948e-14
2.388000e+10	2.741982e-14
2.392000e+10	2.742016e-14
2.396000e+10	2.742049e-14
2.400000e+10	2.742083e-14
2.404000e+10	2.742117e-14
2.408000e+10	2.742151e-14
2.412000e+10	2.742184e-14
2.416000e+10	2.742218e-14
2.420000e+10	2.742252e-14
2.424000e+10	2.742285e-14
2.428000e+10	2.742319e-14
2.432000e+10	2.742353e-14
2.436000e+10	2.742387e-14
2.440000e+10	2.742420e-14
2.444000e+10	2.742454e-14
2.448000e+10	2.742488e-14
2.452000e+10	2.742521e-14
2.456000e+10	2.742568e-14
2.460000e+10	2.742616e-14
2.464000e+10	2.742663e-14
2.468000e+10	2.742710e-14
2.472000e+10	2.742757e-14
2.476000e+10	2.742804e-14
2.480000e+10	2.742851e-14
2.484000e+10	2.742898e-14
2.488000e+10	2.742945e-14
2.492000e+10	2.742993e-14
2.496000e+10	2.743040e-14
2.500000e+10	2.743087e-14
2.504000e+10	2.743134e-14
2.508000e+10	2.743181e-14
2.512000e+10	2.743228e-14
2.516000e+10	2.743275e-14
2.520000e+10	2.743322e-14
2.524000e+10	2.743370e-14
2.528000e+10	2.743417e-14
2.532000e+10	2.743464e-14
2.536000e+10	2.743511e-14
2.540000e+10	2.743558e-14
2.544000e+10	2.743605e-14
2.548000e+10	2.743652e-14
2.552000e+10	2.743699e-14
2.556000e+10	2.743747e-14
2.560000e+10	2.743794e-14
2.564000e+10	2.743841e-14
2.568000e+10	2.743888e-14
2.572000e+10	2.743935e-14
2.576000e+10	2.743982e-14
2.580000e+10	2.744029e-14
2.584000e+10	2.744076e-14
2.588000e+10	2.744124e-14
2.592000e+10	2.744171e-14
2.596000e+10	2.744218e-14
2.600000e+10	2.744265e-14
2.604000e+10	2.744312e-14
2.608000e+10	2.744359e-14
2.612000e+10	2.744406e-14
2.616000e+10	2.744453e-14
2.620000e+10	2.744501e-14
2.624000e+10	2.744548e-14
2.628000e+10	2.744595e-14
2.632000e+10	2.744642e-14
2.636000e+10	2.744689e-14
2.640000e+10	2.744736e-14
2.644000e+10	2.744783e-14
2.648000e+10	2.744830e-14
2.652000e+10	2.744878e-14
2.656000e+10	2.744925e-14
2.660000e+10	2.744985e-14
2.664000e+10	2.745045e-14
2.668000e+10	2.745104e-14
2.672000e+10	2.745164e-14
2.676000e+10	2.745224e-14
2.680000e+10	2.745284e-14
2.684000e+10	2.745344e-14
2.688000e+10	2.745404e-14
2.692000e+10	2.745464e-14
2.696000e+10	2.745524e-14
2.700000e+10	2.745584e-14
2.704000e+10	2.745644e-14
2.708000e+10	2.745704e-14
2.712000e+10	2.745764e-14
2.716000e+10	2.745823e-14
2.720000e+10	2.745883e-14
2.724000e+10	2.745943e-14
2.728000e+10	2.746003e-14
2.732000e+10	2.746063e-14
2.736000e+10	2.746123e-14
2.740000e+10	2.746183e-14
2.744000e+10	2.746243e-14
2.748000e+10	2.746303e-14
2.752000e+10	2.746363e-14
2.756000e+10	2.746423e-14
2.760000e+10	2.746483e-14
2.764000e+10	2.746542e-14
2.768000e+10	2.746602e-14
2.772000e+10	2.746662e-14
2.776000e+10	2.746722e-14
2.780000e+10	2.746782e-14
2.784000e+10	2.746842e-14
2.788000e+10	2.746902e-14
2.792000e+10	2.746962e-14
2.796000e+10	2.747022e-14
2.800000e+10	2.747082e-14
2.804000e+10	2.747142e-14
2.808000e+10	2.747202e-14
2.812000e+10	2.747261e-14
2.816000e+10	2.747321e-14
2.820000e+10	2.747381e-14
2.824000e+10	2.747441e-14
2.828000e+10	2.747501e-14
2.832000e+10	2.747561e-14
2.836000e+10	2.747621e-14
2.840000e+10	2.747681e-14
2.844000e+10	2.747741e-14
2.848000e+10	2.747801e-14
2.852000e+10	2.747861e-14
2.856000e+10	2.747921e-14
2.860000e+10	2.747980e-14
2.864000e+10	2.748053e-14
2.868000e+10	2.748125e-14
2.872000e+10	2.748197e-14
2.876000e+10	2.748269e-14
2.880000e+10	2.748342e-14
2.884000e+10	2.748414e-14
2.888000e+10	2.748486e-14
2.892000e+10	2.748558e-14
2.896000e+10	2.748631e-14
2.900000e+10	2.748703e-14
2.904000e+10	2.748775e-14
2.908000e+10	2.748847e-14
2.912000e+10	2.748920e-14
2.916000e+10	2.748992e-14
2.920000e+10	2.749064e-14
2.924000e+10	2.749136e-14
2.928000e+10	2.749209e-14
2.932000e+10	2.749281e-14
2.936000e+10	2.749353e-14
2.940000e+10	2.749425e-14
2.944000e+10	2.749498e-14
2.948000e+10	2.749570e-14
2.952000e+10	2.749642e-14
2.956000e+10	2.749714e-14
2.960000e+10	2.749786e-14
2.964000e+10	2.749859e-14
2.968000e+10	2.749931e-14
2.972000e+10	2.750003e-14
2.976000e+10	2.750075e-14
2.980000e+10	2.750148e-14
2.984000e+10	2.750220e-14
2.988000e+10	2.750292e-14
2.992000e+10	2.750364e-14
2.996000e+10	2.750437e-14
3.000000e+10	2.750509e-14
3.004000e+10	2.750581e-14
3.008000e+10	2.750653e-14
3.012000e+10	2.750726e-14
3.016000e+10	2.750798e-14
3.020000e+10	2.750870e-14
3.024000e+10	2.750942e-14
3.028000e+10	2.751015e-14
3.032000e+10	2.751087e-14
3.036000e+10	2.751159e-14
3.040000e+10	2.751231e-14
3.044000e+10	2.751303e-14
3.048000e+10	2.751376e-14
3.052000e+10	2.751448e-14
3.056000e+10	2.751520e-14
3.060000e+10	2.751592e-14
3.064000e+10	2.751665e-14
3.068000e+10	2.751749e-14
3.072000e+10	2.751833e-14
3.076000e+10	2.751917e-14
3.080000e+10	2.752002e-14
3.084000e+10	2.752086e-14
3.088000e+10	2.752170e-14
3.092000e+10	2.752254e-14
3.096000e+10	2.752338e-14
3.100000e+10	2.752423e-14
3.104000e+10	2.752507e-14
3.108000e+10	2.752591e-14
3.112000e+10	2.752675e-14
3.116000e+10	2.752759e-14
3.120000e+10	2.752844e-14
3.124000e+10	2.752928e-14
3.128000e+10	2.753012e-14
3.132000e+10	2.753096e-14
3.136000e+10	2.753181e-14
3.140000e+10	2.753265e-14
3.144000e+10	2.753349e-14
3.148000e+10	2.753433e-14
3.152000e+10	2.753517e-14
3.156000e+10	2.753602e-14
3.160000e+10	2.753686e-14
3.164000e+10	2.753770e-14
3.168000e+10	2.753854e-14
3.172000e+10	2.753938e-14
3.176000e+10	2.754023e-14
3.180000e+10	2.754107e-14
3.184000e+10	2.754191e-14
3.188000e+10	2.754275e-14
3.192000e+10	2.754360e-14
3.196000e+10	2.754444e-14
3.200000e+10	2.754528e-14
3.204000e+10	2.754612e-14
3.208000e+10	2.754696e-14
3.212000e+10	2.754781e-14
3.216000e+10	2.754865e-14
3.220000e+10	2.754949e-14
3.224000e+10	2.755033e-14
3.228000e+10	2.755117e-14
3.232000e+10	2.755202e-14
3.236000e+10	2.755286e-14
3.240000e+10	2.755370e-14
3.244000e+10	2.755454e-14
3.248000e+10	2.755539e-14
3.252000e+10	2.755623e-14
3.256000e+10	2.755707e-14
3.260000e+10	2.755791e-14
3.264000e+10	2.755875e-14
3.268000e+10	2.755960e-14
3.272000e+10	2.756056e-14
3.276000e+10	2.756152e-14
3.280000e+10	2.756247e-14
3.284000e+10	2.756343e-14
3.288000e+10	2.756439e-14
3.292000e+10	2.756535e-14
3.296000e+10	2.756631e-14
3.300000e+10	2.756727e-14
3.304000e+10	2.756823e-14
3.308000e+10	2.756919e-14
3.312000e+10	2.757015e-14
3.316000e+10	2.757111e-14
3.320000e+10	2.757207e-14
3.324000e+10	2.757303e-14
3.328000e+10	2.757399e-14
3.332000e+10	2.757495e-14
3.336000e+10	2.757591e-14
3.340000e+10	2.757687e-14
3.344000e+10	2.757783e-14
3.348000e+10	2.757879e-14
3.352000e+10	2.757974e-14
3.356000e+10	2.758070e-14
3.360000e+10	2.758166e-14
3.364000e+10	2.758262e-14
3.368000e+10	2.758358e-14
3.372000e+10	2.758454e-14
3.376000e+10	2.758550e-14
3.380000e+10	2.758646e-14
3.384000e+10	2.758742e-14
3.388000e+10	2.758838e-14
3.392000e+10	2.758934e-14
3.396000e+10	2.759030e-14
3.400000e+10	2.759126e-14
3.404000e+10	2.759222e-14
3.408000e+10	2.759318e-14
3.412000e+10	2.759414e-14
3.416000e+10	2.759510e-14
3.420000e+10	2.759606e-14
3.424000e+10	2.759701e-14
3.428000e+10	2.759797e-14
3.432000e+10	2.759893e-14
3.436000e+10	2.759989e-14
3.440000e+10	2.760085e-14
3.444000e+10	2.760181e-14
3.448000e+10	2.760277e-14
3.452000e+10	2.760373e-14
3.456000e+10	2.760469e-14
3.460000e+10	2.760565e-14
3.464000e+10	2.760661e-14
3.468000e+10	2.760757e-14
3.472000e+10	2.760853e-14
3.476000e+10	2.760960e-14
3.480000e+10	2.761068e-14
3.484000e+10	2.761175e-14
3.488000e+10	2.761283e-14
3.492000e+10	2.761390e-14
3.496000e+10	2.761498e-14
3.500000e+10	2.761605e-14
3.504000e+10	2.761713e-14
3.508000e+10	2.761820e-14
3.512000e+10	2.761928e-14
3.516000e+10	2.762035e-14
3.520000e+10	2.762143e-14
3.524000e+10	2.762250e-14
3.528000e+10	2.762358e-14
3.532000e+10	2.762465e-14
3.536000e+10	2.762573e-14
3.540000e+10	2.762680e-14
3.544000e+10	2.762788e-14
3.548000e+10	2.762895e-14
3.552000e+10	2.763003e-14
3.556000e+10	2.763110e-14
3.560000e+10	2.763218e-14
3.564000e+10	2.763325e-14
3.568000e+10	2.763433e-14
3.572000e+10	2.763540e-14
3.576000e+10	2.763648e-14
3.580000e+10	2.763755e-14
3.584000e+10	2.763863e-14
3.588000e+10	2.763970e-14
3.592000e+10	2.764078e-14
3.596000e+10	2.764185e-14
3.600000e+10	2.764293e-14
3.604000e+10	2.764400e-14
3.608000e+10	2.764508e-14
3.612000e+10	2.764615e-14
3.616000e+10	2.764723e-14
3.620000e+10	2.764830e-14
3.624000e+10	2.764938e-14
3.628000e+10	2.765045e-14
3.632000e+10	2.765153e-14
3.636000e+10	2.765260e-14
3.640000e+10	2.765368e-14
3.644000e+10	2.765475e-14
3.648000e+10	2.765583e-14
3.652000e+10	2.765690e-14
3.656000e+10	2.765798e-14
3.660000e+10	2.765905e-14
3.664000e+10	2.766013e-14
3.668000e+10	2.766120e-14
3.672000e+10	2.766228e-14
3.676000e+10	2.766335e-14
3.680000e+10	2.766454e-14
3.684000e+10	2.766573e-14
3.688000e+10	2.766692e-14
3.692000e+10	2.766811e-14
3.696000e+10	2.766930e-14
3.700000e+10	2.767049e-14
3.704000e+10	2.767168e-14
3.708000e+10	2.767287e-14
3.712000e+10	2.767406e-14
3.716000e+10	2.767525e-14
3.720000e+10	2.767644e-14
3.724000e+10	2.767763e-14
3.728000e+10	2.767882e-14
3.732000e+10	2.768001e-14
3.736000e+10	2.768120e-14
3.740000e+10	2.768239e-14
3.744000e+10	2.768358e-14
3.748000e+10	2.768477e-14
3.752000e+10	2.768595e-14
3.756000e+10	2.768714e-14
3.760000e+10	2.768833e-14
3.764000e+10	2.768952e-14
3.768000e+10	2.769071e-14
3.772000e+10	2.769190e-14
3.776000e+10	2.769309e-14
3.780000e+10	2.769428e-14
3.784000e+10	2.769547e-14
3.788000e+10	2.769666e-14
3.792000e+10	2.769785e-14
3.796000e+10	2.769904e-14
3.800000e+10	2.770023e-14
3.804000e+10	2.770142e-14
3.808000e+10	2.770261e-14
3.812000e+10	2.770380e-14
3.816000e+10	2.770499e-14
3.820000e+10	2.770618e-14
3.824000e+10	2.770737e-14
3.828000e+10	2.770856e-14
3.832000e+10	2.770975e-14
3.836000e+10	2.771093e-14
3.840000e+10	2.771212e-14
3.844000e+10	2.771331e-14
3.848000e+10	2.771450e-14
3.852000e+10	2.771569e-14
3.856000e+10	2.771688e-14
3.860000e+10	2.771807e-14
3.864000e+10	2.771926e-14
3.868000e+10	2.772045e-14
3.872000e+10	2.772164e-14
3.876000e+10	2.772283e-14
3.880000e+10	2.772402e-14
3.884000e+10	2.772532e-14
3.888000e+10	2.772663e-14
3.892000e+10	2.772793e-14
3.896000e+10	2.772923e-14
3.900000e+10	2.773054e-14
3.904000e+10	2.773184e-14
3.908000e+10	2.773314e-14
3.912000e+10	2.773445e-14
3.916000e+10	2.773575e-14
3.920000e+10	2.773705e-14
3.924000e+10	2.773836e-14
3.928000e+10	2.773966e-14
3.932000e+10	2.774097e-14
3.936000e+10	2.774227e-14
3.940000e+10	2.774357e-14
3.944000e+10	2.774488e-14
3.948000e+10	2.774618e-14
3.952000e+10	2.774748e-14
3.956000e+10	2.774879e-14
3.960000e+10	2.775009e-14
3.964000e+10	2.775139e-14
3.968000e+10	2.775270e-14
3.972000e+10	2.775400e-14
3.976000e+10	2.775530e-14
3.980000e+10	2.775661e-14
3.984000e+10	2.775791e-14
3.988000e+10	2.775921e-14
3.992000e+10	2.776052e-14
3.996000e+10	2.776182e-14
4.000000e+10	2.776313e-14
4.004000e+10	2.776443e-14
4.008000e+10	2.776573e-14
4.012000e+10	2.776704e-14
4.016000e+10	2.776834e-14
4.020000e+10	2.776964e-14
4.024000e+10	2.777095e-14
4.028000e+10	2.777225e-14
4.032000e+10	2.777355e-14
4.036000e+10	2.777486e-14
4.040000e+10	2.777616e-14
4.044000e+10	2.777746e-14
4.048000e+10	2.777877e-14
4.052000e+10	2.778007e-14
4.056000e+10	2.778137e-14
4.060000e+10	2.778268e-14
4.064000e+10	2.778398e-14
4.068000e+10	2.778529e-14
4.072000e+10	2.778659e-14
4.076000e+10	2.778789e-14
4.080000e+10	2.778920e-14
4.084000e+10	2.779050e-14
4.088000e+10	2.779192e-14
4.092000e+10	2.779333e-14
4.096000e+10	2.779475e-14
4.100000e+10	2.779617e-14
4.104000e+10	2.779759e-14
4.108000e+10	2.779900e-14
4.112000e+10	2.780042e-14
4.116000e+10	2.780184e-14
4.120000e+10	2.780326e-14
4.124000e+10	2.780467e-14
4.128000e+10	2.780609e-14
4.132000e+10	2.780751e-14
4.136000e+10	2.780893e-14
4.140000e+10	2.781034e-14
4.144000e+10	2.781176e-14
4.148000e+10	2.781318e-14
4.152000e+10	2.781460e-14
4.156000e+10	2.781601e-14
4.160000e+10	2.781743e-14
4.164000e+10	2.781885e-14
4.168000e+10	2.782027e-14
4.172000e+10	2.782168e-14
4.176000e+10	2.782310e-14
4.180000e+10	2.782452e-14
4.184000e+10	2.782594e-14
4.188000e+10	2.782735e-14
4.192000e+10	2.782877e-14
4.196000e+10	2.783019e-14
4.200000e+10	2.783160e-14
4.204000e+10	2.783302e-14
4.208000e+10	2.783444e-14
4.212000e+10	2.783586e-14
4.216000e+10	2.783727e-14
4.220000e+10	2.783869e-14
4.224000e+10	2.784011e-14
4.228000e+10	2.784153e-14
4.232000e+10	2.784294e-14
4.236000e+10	2.784436e-14
4.240000e+10	2.784578e-14
4.244000e+10	2.784720e-14
4.248000e+10	2.784861e-14
4.252000e+10	2.785003e-14
4.256000e+10	2.785145e-14
4.260000e+10	2.785287e-14
4.264000e+10	2.785428e-14
4.268000e+10	2.785570e-14
4.272000e+10	2.785712e-14
4.276000e+10	2.785854e-14
4.280000e+10	2.785995e-14
4.284000e+10	2.786137e-14
4.288000e+10	2.786279e-14
4.292000e+10	2.786432e-14
4.296000e+10	2.786585e-14
4.300000e+10	2.786738e-14
4.304000e+10	2.786892e-14
4.308000e+10	2.787045e-14
4.312000e+10	2.787198e-14
4.316000e+10	2.787351e-14
4.320000e+10	2.787504e-14
4.324000e+10	2.787657e-14
4.328000e+10	2.787811e-14
4.332000e+10	2.787964e-14
4.336000e+10	2.788117e-14
4.340000e+10	2.788270e-14
4.344000e+10	2.788423e-14
4.348000e+10	2.788576e-14
4.352000e+10	2.788730e-14
4.356000e+10	2.788883e-14
4.360000e+10	2.789036e-14
4.364000e+10	2.789189e-14
4.368000e+10	2.789342e-14
4.372000e+10	2.789495e-14
4.376000e+10	2.789649e-14
4.380000e+10	2.789802e-14
4.384000e+10	2.789955e-14
4.388000e+10	2.790108e-14
4.392000e+10	2.790261e-14
4.396000e+10	2.790414e-14
4.400000e+10	2.790568e-14
4.404000e+10	2.790721e-14
4.408000e+10	2.790874e-14
4.412000e+10	2.791027e-14
4.416000e+10	2.791180e-14
4.420000e+10	2.791333e-14
4.424000e+10	2.791487e-14
4.428000e+10	2.791640e-14
4.432000e+10	2.791793e-14
4.436000e+10	2.791946e-14
4.440000e+10	2.792099e-14
4.444000e+10	2.792252e-14
4.448000e+10	2.792406e-14
4.452000e+10	2.792559e-14
4.456000e+10	2.792712e-14
4.460000e+10	2.792865e-14
4.464000e+10	2.793018e-14
4.468000e+10	2.793172e-14
4.472000e+10	2.793325e-14
4.476000e+10	2.793478e-14
4.480000e+10	2.793631e-14
4.484000e+10	2.793784e-14
4.488000e+10	2.793937e-14
4.492000e+10	2.794091e-14
4.496000e+10	2.794255e-14
4.500000e+10	2.794420e-14
4.504000e+10	2.794585e-14
4.508000e+10	2.794749e-14
4.512000e+10	2.794914e-14
4.516000e+10	2.795079e-14
4.520000e+10	2.795243e-14
4.524000e+10	2.795408e-14
4.528000e+10	2.795573e-14
4.532000e+10	2.795737e-14
4.536000e+10	2.795902e-14
4.540000e+10	2.796067e-14
4.544000e+10	2.796231e-14
4.548000e+10	2.796396e-14
4.552000e+10	2.796561e-14
4.556000e+10	2.796725e-14
4.560000e+10	2.796890e-14
4.564000e+10	2.797055e-14
4.568000e+10	2.797219e-14
4.572000e+10	2.797384e-14
4.576000e+10	2.797549e-14
4.580000e+10	2.797713e-14
4.584000e+10	2.797878e-14
4.588000e+10	2.798043e-14
4.592000e+10	2.798207e-14
4.596000e+10	2.798372e-14
4.600000e+10	2.798537e-14
4.604000e+10	2.798701e-14
4.608000e+10	2.798866e-14
4.612000e+10	2.799031e-14
4.616000e+10	2.799195e-14
4.620000e+10	2.799360e-14
4.624000e+10	2.799525e-14
4.628000e+10	2.799689e-14
4.632000e+10	2.799854e-14
4.636000e+10	2.800019e-14
4.640000e+10	2.800183e-14
4.644000e+10	2.800348e-14
4.648000e+10	2.800513e-14
4.652000e+10	2.800677e-14
4.656000e+10	2.800842e-14
4.660000e+10	2.801007e-14
4.664000e+10	2.801171e-14
4.668000e+10	2.801336e-14
4.672000e+10	2.801501e-14
4.676000e+10	2.801665e-14
4.680000e+10	2.801830e-14
4.684000e+10	2.801995e-14
4.688000e+10	2.802159e-14
4.692000e+10	2.802324e-14
4.696000e+10	2.802489e-14
4.700000e+10	2.802665e-14
4.704000e+10	2.802841e-14
4.708000e+10	2.803017e-14
4.712000e+10	2.803194e-14
4.716000e+10	2.803370e-14
4.720000e+10	2.803546e-14
4.724000e+10	2.803723e-14
4.728000e+10	2.803899e-14
4.732000e+10	2.804075e-14
4.736000e+10	2.804251e-14
4.740000e+10	2.804428e-14
4.744000e+10	2.804604e-14
4.748000e+10	2.804780e-14
4.752000e+10	2.804956e-14
4.756000e+10	2.805133e-14
4.760000e+10	2.805309e-14
4.764000e+10	2.805485e-14
4.768000e+10	2.805662e-14
4.772000e+10	2.805838e-14
4.776000e+10	2.806014e-14
4.780000e+10	2.806190e-14
4.784000e+10	2.806367e-14
4.788000e+10	2.806543e-14
4.792000e+10	2.806719e-14
4.796000e+10	2.806895e-14
4.800000e+10	2.807072e-14
4.804000e+10	2.807248e-14
4.808000e+10	2.807424e-14
4.812000e+10	2.807600e-14
4.816000e+10	2.807777e-14
4.820000e+10	2.807953e-14
4.824000e+10	2.808129e-14
4.828000e+10	2.808306e-14
4.832000e+10	2.808482e-14
4.836000e+10	2.808658e-14
4.840000e+10	2.808834e-14
4.844000e+10	2.809011e-14
4.848000e+10	2.809187e-14
4.852000e+10	2.809363e-14
4.856000e+10	2.809539e-14
4.860000e+10	2.809716e-14
4.864000e+10	2.809892e-14
4.868000e+10	2.810068e-14
4.872000e+10	2.810245e-14
4.876000e+10	2.810421e-14
4.880000e+10	2.810597e-14
4.884000e+10	2.810773e-14
4.888000e+10	2.810950e-14
4.892000e+10	2.811126e-14
4.896000e+10	2.811302e-14
4.900000e+10	2.811478e-14
4.904000e+10	2.811666e-14
4.908000e+10	2.811854e-14
4.912000e+10	2.812042e-14
4.916000e+10	2.812231e-14
4.920000e+10	2.812419e-14
4.924000e+10	2.812607e-14
4.928000e+10	2.812795e-14
4.932000e+10	2.812983e-14
4.936000e+10	2.813171e-14
4.940000e+10	2.813359e-14
4.944000e+10	2.813547e-14
4.948000e+10	2.813735e-14
4.952000e+10	2.813923e-14
4.956000e+10	2.814111e-14
4.960000e+10	2.814299e-14
4.964000e+10	2.814487e-14
4.968000e+10	2.814675e-14
4.972000e+10	2.814863e-14
4.976000e+10	2.815051e-14
4.980000e+10	2.815239e-14
4.984000e+10	2.815427e-14
4.988000e+10	2.815615e-14
4.992000e+10	2.815803e-14
4.996000e+10	2.815991e-14
5.000000e+10	2.816179e-14
5.004000e+10	2.816367e-14
5.008000e+10	2.816555e-14
5.012000e+10	2.816743e-14
5.016000e+10	2.816931e-14
5.020000e+10	2.817119e-14
5.024000e+10	2.817307e-14
5.028000e+10	2.817495e-14
5.032000e+10	2.817683e-14
5.036000e+10	2.817871e-14
5.040000e+10	2.818059e-14
5.044000e+10	2.818247e-14
5.048000e+10	2.818435e-14
5.052000e+10	2.818623e-14
5.056000e+10	2.818811e-14
5.060000e+10	2.818999e-14
5.064000e+10	2.819187e-14
5.068000e+10	2.819375e-14
5.072000e+10	2.819563e-14
5.076000e+10	2.819751e-14
5.080000e+10	2.819939e-14
5.084000e+10	2.820127e-14
5.088000e+10	2.820315e-14
5.092000e+10	2.820503e-14
5.096000e+10	2.820691e-14
5.100000e+10	2.820879e-14
5.104000e+10	2.821067e-14
5.108000e+10	2.821267e-14
5.112000e+10	2.821467e-14
5.116000e+10	2.821667e-14
5.120000e+10	2.821867e-14
5.124000e+10	2.822067e-14
5.128000e+10	2.822266e-14
5.132000e+10	2.822466e-14
5.136000e+10	2.822666e-14
5.140000e+10	2.822866e-14
5.144000e+10	2.823066e-14
5.148000e+10	2.823266e-14
5.152000e+10	2.823466e-14
5.156000e+10	2.823666e-14
5.160000e+10	2.823866e-14
5.164000e+10	2.824066e-14
5.168000e+10	2.824266e-14
5.172000e+10	2.824466e-14
5.176000e+10	2.824665e-14
5.180000e+10	2.824865e-14
5.184000e+10	2.825065e-14
5.188000e+10	2.825265e-14
5.192000e+10	2.825465e-14
5.196000e+10	2.825665e-14
5.200000e+10	2.825865e-14
5.204000e+10	2.826065e-14
5.208000e+10	2.826265e-14
5.212000e+10	2.826465e-14
5.216000e+10	2.826665e-14
5.220000e+10	2.826865e-14
5.224000e+10	2.827064e-14
5.228000e+10	2.827264e-14
5.232000e+10	2.827464e-14
5.236000e+10	2.827664e-14
5.240000e+10	2.827864e-14
5.244000e+10	2.828064e-14
5.248000e+10	2.828264e-14
5.252000e+10	2.828464e-14
5.256000e+10	2.828664e-14
5.260000e+10	2.828864e-14
5.264000e+10	2.829064e-14
5.268000e+10	2.829264e-14
5.272000e+10	2.829463e-14
5.276000e+10	2.829663e-14
5.280000e+10	2.829863e-14
5.284000e+10	2.830063e-14
5.288000e+10	2.830263e-14
5.292000e+10	2.830463e-14
5.296000e+10	2.830663e-14
5.300000e+10	2.830863e-14
5.304000e+10	2.831063e-14
5.308000e+10	2.831263e-14
5.312000e+10	2.831475e-14
5.316000e+10	2.831687e-14
5.320000e+10	2.831899e-14
5.324000e+10	2.832111e-14
5.328000e+10	2.832323e-14
5.332000e+10	2.832535e-14
5.336000e+10	2.832747e-14
5.340000e+10	2.832959e-14
5.344000e+10	2.833171e-14
5.348000e+10	2.833383e-14
5.352000e+10	2.833595e-14
5.356000e+10	2.833807e-14
5.360000e+10	2.834019e-14
5.364000e+10	2.834231e-14
5.368000e+10	2.834443e-14
5.372000e+10	2.834655e-14
5.376000e+10	2.834867e-14
5.380000e+10	2.835079e-14
5.384000e+10	2.835291e-14
5.388000e+10	2.835503e-14
5.392000e+10	2.835715e-14
5.396000e+10	2.835927e-14
5.400000e+10	2.836139e-14
5.404000e+10	2.836351e-14
5.408000e+10	2.836563e-14
5.412000e+10	2.836775e-14
5.416000e+10	2.836987e-14
5.420000e+10	2.837199e-14
5.424000e+10	2.837411e-14
5.428000e+10	2.837623e-14
5.432000e+10	2.837835e-14
5.436000e+10	2.838047e-14
5.440000e+10	2.838259e-14
5.444000e+10	2.838471e-14
5.448000e+10	2.838683e-14
5.452000e+10	2.838895e-14
5.456000e+10	2.839107e-14
5.460000e+10	2.839319e-14
5.464000e+10	2.839531e-14
5.468000e+10	2.839743e-14
5.472000e+10	2.839955e-14
5.476000e+10	2.840167e-14
5.480000e+10	2.840379e-14
5.484000e+10	2.840591e-14
5.488000e+10	2.840803e-14
5.492000e+10	2.841015e-14
5.496000e+10	2.841227e-14
5.500000e+10	2.841439e-14
5.504000e+10	2.841651e-14
5.508000e+10	2.841863e-14
5.512000e+10	2.842075e-14
5.516000e+10	2.842300e-14
5.520000e+10	2.842524e-14
5.524000e+10	2.842749e-14
5.528000e+10	2.842973e-14
5.532000e+10	2.843197e-14
5.536000e+10	2.843422e-14
5.540000e+10	2.843646e-14
5.544000e+10	2.843870e-14
5.548000e+10	2.844095e-14
5.552000e+10	2.844319e-14
5.556000e+10	2.844543e-14
5.560000e+10	2.844768e-14
5.564000e+10	2.844992e-14
5.568000e+10	2.845216e-14
5.572000e+10	2.845441e-14
5.576000e+10	2.845665e-14
5.580000e+10	2.845889e-14
5.584000e+10	2.846114e-14
5.588000e+10	2.846338e-14
5.592000e+10	2.846562e-14
5.596000e+10	2.846787e-14
5.600000e+10	2.847011e-14
5.604000e+10	2.847235e-14
5.608000e+10	2.847460e-14
5.612000e+10	2.847684e-14
5.616000e+10	2.847908e-14
5.620000e+10	2.848133e-14
5.624000e+10	2.848357e-14
5.628000e+10	2.848581e-14
5.632000e+10	2.848806e-14
5.636000e+10	2.849030e-14
5.640000e+10	2.849254e-14
5.644000e+10	2.849479e-14
5.648000e+10	2.849703e-14
5.652000e+10	2.849927e-14
5.656000e+10	2.850152e-14
5.660000e+10	2.850376e-14
5.664000e+10	2.850600e-14
5.668000e+10	2.850825e-14
5.672000e+10	2.851049e-14
5.676000e+10	2.851273e-14
5.680000e+10	2.851498e-14
5.684000e+10	2.851722e-14
5.688000e+10	2.851946e-14
5.692000e+10	2.852171e-14
5.696000e+10	2.852395e-14
5.700000e+10	2.852619e-14
5.704000e+10	2.852844e-14
5.708000e+10	2.853068e-14
5.712000e+10	2.853292e-14
5.716000e+10	2.853517e-14
5.720000e+10	2.853754e-14
5.724000e+10	2.853991e-14
5.728000e+10	2.854228e-14
5.732000e+10	2.854464e-14
5.736000e+10	2.854701e-14
5.740000e+10	2.854938e-14
5.744000e+10	2.855175e-14
5.748000e+10	2.855412e-14
5.752000e+10	2.855649e-14
5.756000e+10	2.855886e-14
5.760000e+10	2.856123e-14
5.764000e+10	2.856360e-14
5.768000e+10	2.856597e-14
5.772000e+10	2.856834e-14
5.776000e+10	2.857071e-14
5.780000e+10	2.857307e-14
5.784000e+10	2.857544e-14
5.788000e+10	2.857781e-14
5.792000e+10	2.858018e-14
5.796000e+10	2.858255e-14
5.800000e+10	2.858492e-14
5.804000e+10	2.858729e-14
5.808000e+10	2.858966e-14
5.812000e+10	2.859203e-14
5.816000e+10	2.859440e-14
5.820000e+10	2.859677e-14
5.824000e+10	2.859913e-14
5.828000e+10	2.860150e-14
5.832000e+10	2.860387e-14
5.836000e+10	2.860624e-14
5.840000e+10	2.860861e-14
5.844000e+10	2.861098e-14
5.848000e+10	2.861335e-14
5.852000e+10	2.861572e-14
5.856000e+10	2.861809e-14
5.860000e+10	2.862046e-14
5.864000e+10	2.862283e-14
5.868000e+10	2.862520e-14
5.872000e+10	2.862756e-14
5.876000e+10	2.862993e-14
5.880000e+10	2.863230e-14
5.884000e+10	2.863467e-14
5.888000e+10	2.863704e-14
5.892000e+10	2.863941e-14
5.896000e+10	2.864178e-14
5.900000e+10	2.864415e-14
5.904000e+10	2.864652e-14
5.908000e+10	2.864889e-14
5.912000e+10	2.865126e-14
5.916000e+10	2.865363e-14
5.920000e+10	2.865599e-14
5.924000e+10	2.865849e-14
5.928000e+10	2.866099e-14
5.932000e+10	2.866349e-14
5.936000e+10	2.866598e-14
5.940000e+10	2.866848e-14
5.944000e+10	2.867098e-14
5.948000e+10	2.867348e-14
5.952000e+10	2.867598e-14
5.956000e+10	2.867847e-14
5.960000e+10	2.868097e-14
5.964000e+10	2.868347e-14
5.968000e+10	2.868597e-14
5.972000e+10	2.868846e-14
5.976000e+10	2.869096e-14
5.980000e+10	2.869346e-14
5.984000e+10	2.869596e-14
5.988000e+10	2.869845e-14
5.992000e+10	2.870095e-14
5.996000e+10	2.870345e-14
6.000000e+10	2.870595e-14
6.004000e+10	2.870845e-14
6.008000e+10	2.871094e-14
6.012000e+10	2.871344e-14
6.016000e+10	2.871594e-14
6.020000e+10	2.871844e-14
6.024000e+10	2.872093e-14
6.028000e+10	2.872343e-14
6.032000e+10	2.872593e-14
6.036000e+10	2.872843e-14
6.040000e+10	2.873092e-14
6.044000e+10	2.873342e-14
6.048000e+10	2.873592e-14
6.052000e+10	2.873842e-14
6.056000e+10	2.874092e-14
6.060000e+10	2.874341e-14
6.064000e+10	2.874591e-14
6.068000e+10	2.874841e-14
6.072000e+10	2.875091e-14
6.076000e+10	2.875340e-14
6.080000e+10	2.875590e-14
6.084000e+10	2.875840e-14
6.088000e+10	2.876090e-14
6.092000e+10	2.876339e-14
6.096000e+10	2.876589e-14
6.100000e+10	2.876839e-14
6.104000e+10	2.877089e-14
6.108000e+10	2.877339e-14
6.112000e+10	2.877588e-14
6.116000e+10	2.877838e-14
6.120000e+10	2.878088e-14
6.124000e+10	2.878338e-14
6.128000e+10	2.878601e-14
6.132000e+10	2.878863e-14
6.136000e+10	2.879126e-14
6.140000e+10	2.879389e-14
6.144000e+10	2.879652e-14
6.148000e+10	2.879915e-14
6.152000e+10	2.880178e-14
6.156000e+10	2.880441e-14
6.160000e+10	2.880704e-14
6.164000e+10	2.880967e-14
6.168000e+10	2.881230e-14
6.172000e+10	2.881493e-14
6.176000e+10	2.881756e-14
6.180000e+10	2.882019e-14
6.184000e+10	2.882282e-14
6.188000e+10	2.882544e-14
6.192000e+10	2.882807e-14
6.196000e+10	2.883070e-14
6.200000e+10	2.883333e-14
6.204000e+10	2.883596e-14
6.208000e+10	2.883859e-14
6.212000e+10	2.884122e-14
6.216000e+10	2.884385e-14
6.220000e+10	2.884648e-14
6.224000e+10	2.884911e-14
6.228000e+10	2.885174e-14
6.232000e+10	2.885437e-14
6.236000e+10	2.885700e-14
6.240000e+10	2.885963e-14
6.244000e+10	2.886225e-14
6.248000e+10	2.886488e-14
6.252000e+10	2.886751e-14
6.256000e+10	2.887014e-14
6.260000e+10	2.887277e-14
6.264000e+10	2.887540e-14
6.268000e+10	2.887803e-14
6.272000e+10	2.888066e-14
6.276000e+10	2.888329e-14
6.280000e+10	2.888592e-14
6.284000e+10	2.888855e-14
6.288000e+10	2.889118e-14
6.292000e+10	2.889381e-14
6.296000e+10	2.889644e-14
6.300000e+10	2.889906e-14
6.304000e+10	2.890169e-14
6.308000e+10	2.890432e-14
6.312000e+10	2.890695e-14
6.316000e+10	2.890958e-14
6.320000e+10	2.891221e-14
6.324000e+10	2.891484e-14
6.328000e+10	2.891747e-14
6.332000e+10	2.892023e-14
6.336000e+10	2.892300e-14
6.340000e+10	2.892576e-14
6.344000e+10	2.892853e-14
6.348000e+10	2.893129e-14
6.352000e+10	2.893406e-14
6.356000e+10	2.893682e-14
6.360000e+10	2.893958e-14
6.364000e+10	2.894235e-14
6.368000e+10	2.894511e-14
6.372000e+10	2.894788e-14
6.376000e+10	2.895064e-14
6.380000e+10	2.895341e-14
6.384000e+10	2.895617e-14
6.388000e+10	2.895893e-14
6.392000e+10	2.896170e-14
6.396000e+10	2.896446e-14
6.400000e+10	2.896723e-14
6.404000e+10	2.896999e-14
6.408000e+10	2.897276e-14
6.412000e+10	2.897552e-14
6.416000e+10	2.897828e-14
6.420000e+10	2.898105e-14
6.424000e+10	2.898381e-14
6.428000e+10	2.898658e-14
6.432000e+10	2.898934e-14
6.436000e+10	2.899211e-14
6.440000e+10	2.899487e-14
6.444000e+10	2.899763e-14
6.448000e+10	2.900040e-14
6.452000e+10	2.900316e-14
6.456000e+10	2.900593e-14
6.460000e+10	2.900869e-14
6.464000e+10	2.901146e-14
6.468000e+10	2.901422e-14
6.472000e+10	2.901698e-14
6.476000e+10	2.901975e-14
6.480000e+10	2.902251e-14
6.484000e+10	2.902528e-14
6.488000e+10	2.902804e-14
6.492000e+10	2.903081e-14
6.496000e+10	2.903357e-14
6.500000e+10	2.903633e-14
6.504000e+10	2.903910e-14
6.508000e+10	2.904186e-14
6.512000e+10	2.904463e-14
6.516000e+10	2.904739e-14
6.520000e+10	2.905016e-14
6.524000e+10	2.905292e-14
6.528000e+10	2.905568e-14
6.532000e+10	2.905845e-14
6.536000e+10	2.906135e-14
6.540000e+10	2.906425e-14
6.544000e+10	2.906716e-14
6.548000e+10	2.907006e-14
6.552000e+10	2.907296e-14
6.556000e+10	2.907587e-14
6.560000e+10	2.907877e-14
6.564000e+10	2.908167e-14
6.568000e+10	2.908457e-14
6.572000e+10	2.908748e-14
6.576000e+10	2.909038e-14
6.580000e+10	2.909328e-14
6.584000e+10	2.909619e-14
6.588000e+10	2.909909e-14
6.592000e+10	2.910199e-14
6.596000e+10	2.910489e-14
6.600000e+10	2.910780e-14
6.604000e+10	2.911070e-14
6.608000e+10	2.911360e-14
6.612000e+10	2.911651e-14
6.616000e+10	2.911941e-14
6.620000e+10	2.912231e-14
6.624000e+10	2.912522e-14
6.628000e+10	2.912812e-14
6.632000e+10	2.913102e-14
6.636000e+10	2.913392e-14
6.640000e+10	2.913683e-14
6.644000e+10	2.913973e-14
6.648000e+10	2.914263e-14
6.652000e+10	2.914554e-14
6.656000e+10	2.914844e-14
6.660000e+10	2.915134e-14
6.664000e+10	2.915424e-14
6.668000e+10	2.915715e-14
6.672000e+10	2.916005e-14
6.676000e+10	2.916295e-14
6.680000e+10	2.916586e-14
6.684000e+10	2.916876e-14
6.688000e+10	2.917166e-14
6.692000e+10	2.917457e-14
6.696000e+10	2.917747e-14
6.700000e+10	2.918037e-14
6.704000e+10	2.918327e-14
6.708000e+10	2.918618e-14
6.712000e+10	2.918908e-14
6.716000e+10	2.919198e-14
6.720000e+10	2.919489e-14
6.724000e+10	2.919779e-14
6.728000e+10	2.920069e-14
6.732000e+10	2.920359e-14
6.736000e+10	2.920650e-14
6.740000e+10	2.920954e-14
6.744000e+10	2.921259e-14
6.748000e+10	2.921563e-14
6.752000e+10	2.921868e-14
6.756000e+10	2.922173e-14
6.760000e+10	2.922477e-14
6.764000e+10	2.922782e-14
6.768000e+10	2.923086e-14
6.772000e+10	2.923391e-14
6.776000e+10	2.923695e-14
6.780000e+10	2.924000e-14
6.784000e+10	2.924304e-14
6.788000e+10	2.924609e-14
6.792000e+10	2.924914e-14
6.796000e+10	2.925218e-14
6.800000e+10	2.925523e-14
6.804000e+10	2.925827e-14
6.808000e+10	2.926132e-14
6.812000e+10	2.926436e-14
6.816000e+10	2.926741e-14
6.820000e+10	2.927045e-14
6.824000e+10	2.927350e-14
6.828000e+10	2.927655e-14
6.832000e+10	2.927959e-14
6.836000e+10	2.928264e-14
6.840000e+10	2.928568e-14
6.844000e+10	2.928873e-14
6.848000e+10	2.929177e-14
6.852000e+10	2.929482e-14
6.856000e+10	2.929786e-14
6.860000e+10	2.930091e-14
6.864000e+10	2.930396e-14
6.868000e+10	2.930700e-14
6.872000e+10	2.931005e-14
6.876000e+10	2.931309e-14
6.880000e+10	2.931614e-14
6.884000e+10	2.931918e-14
6.888000e+10	2.932223e-14
6.892000e+10	2.932527e-14
6.896000e+10	2.932832e-14
6.900000e+10	2.933137e-14
6.904000e+10	2.933441e-14
6.908000e+10	2.933746e-14
6.912000e+10	2.934050e-14
6.916000e+10	2.934355e-14
6.920000e+10	2.934659e-14
6.924000e+10	2.934964e-14
6.928000e+10	2.935268e-14
6.932000e+10	2.935573e-14
6.936000e+10	2.935878e-14
6.940000e+10	2.936182e-14
6.944000e+10	2.936501e-14
6.948000e+10	2.936821e-14
6.952000e+10	2.937140e-14
6.956000e+10	2.937459e-14
6.960000e+10	2.937778e-14
6.964000e+10	2.938098e-14
6.968000e+10	2.938417e-14
6.972000e+10	2.938736e-14
6.976000e+10	2.939055e-14
6.980000e+10	2.939375e-14
6.984000e+10	2.939694e-14
6.988000e+10	2.940013e-14
6.992000e+10	2.940332e-14
6.996000e+10	2.940652e-14
7.000000e+10	2.940971e-14
7.004000e+10	2.941290e-14
7.008000e+10	2.941609e-14
7.012000e+10	2.941929e-14
7.016000e+10	2.942248e-14
7.020000e+10	2.942567e-14
7.024000e+10	2.942886e-14
7.028000e+10	2.943206e-14
7.032000e+10	2.943525e-14
7.036000e+10	2.943844e-14
7.040000e+10	2.944163e-14
7.044000e+10	2.944483e-14
7.048000e+10	2.944802e-14
7.052000e+10	2.945121e-14
7.056000e+10	2.945440e-14
7.060000e+10	2.945760e-14
7.064000e+10	2.946079e-14
7.068000e+10	2.946398e-14
7.072000e+10	2.946717e-14
7.076000e+10	2.947037e-14
7.080000e+10	2.947356e-14
7.084000e+10	2.947675e-14
7.088000e+10	2.947994e-14
7.092000e+10	2.948314e-14
7.096000e+10	2.948633e-14
7.100000e+10	2.948952e-14
7.104000e+10	2.949271e-14
7.108000e+10	2.949591e-14
7.112000e+10	2.949910e-14
7.116000e+10	2.950229e-14
7.120000e+10	2.950548e-14
7.124000e+10	2.950867e-14
7.128000e+10	2.951187e-14
7.132000e+10	2.951506e-14
7.136000e+10	2.951825e-14
7.140000e+10	2.952144e-14
7.144000e+10	2.952464e-14
7.148000e+10	2.952798e-14
7.152000e+10	2.953133e-14
7.156000e+10	2.953467e-14
7.160000e+10	2.953801e-14
7.164000e+10	2.954136e-14
7.168000e+10	2.954470e-14
7.172000e+10	2.954805e-14
7.176000e+10	2.955139e-14
7.180000e+10	2.955473e-14
7.184000e+10	2.955808e-14
7.188000e+10	2.956142e-14
7.192000e+10	2.956477e-14
7.196000e+10	2.956811e-14
7.200000e+10	2.957145e-14
7.204000e+10	2.957480e-14
7.208000e+10	2.957814e-14
7.212000e+10	2.958149e-14
7.216000e+10	2.958483e-14
7.220000e+10	2.958817e-14
7.224000e+10	2.959152e-14
7.228000e+10	2.959486e-14
7.232000e+10	2.959821e-14
7.236000e+10	2.960155e-14
7.240000e+10	2.960489e-14
7.244000e+10	2.960824e-14
7.248000e+10	2.961158e-14
7.252000e+10	2.961493e-14
7.256000e+10	2.961827e-14
7.260000e+10	2.962161e-14
7.264000e+10	2.962496e-14
7.268000e+10	2.962830e-14
7.272000e+10	2.963165e-14
7.276000e+10	2.963499e-14
7.280000e+10	2.963834e-14
7.284000e+10	2.964168e-14
7.288000e+10	2.964502e-14
7.292000e+10	2.964837e-14
7.296000e+10	2.965171e-14
7.300000e+10	2.965506e-14
7.304000e+10	2.965840e-14
7.308000e+10	2.966174e-14
7.312000e+10	2.966509e-14
7.316000e+10	2.966843e-14
7.320000e+10	2.967178e-14
7.324000e+10	2.967512e-14
7.328000e+10	2.967846e-14
7.332000e+10	2.968181e-14
7.336000e+10	2.968515e-14
7.340000e+10	2.968850e-14
7.344000e+10	2.969184e-14
7.348000e+10	2.969518e-14
7.352000e+10	2.969868e-14
7.356000e+10	2.970219e-14
7.360000e+10	2.970569e-14
7.364000e+10	2.970919e-14
7.368000e+10	2.971269e-14
7.372000e+10	2.971619e-14
7.376000e+10	2.971969e-14
7.380000e+10	2.972319e-14
7.384000e+10	2.972669e-14
7.388000e+10	2.973019e-14
7.392000e+10	2.973369e-14
7.396000e+10	2.973719e-14
7.400000e+10	2.974069e-14
7.404000e+10	2.974419e-14
7.408000e+10	2.974769e-14
7.412000e+10	2.975119e-14
7.416000e+10	2.975469e-14
7.420000e+10	2.975819e-14
7.424000e+10	2.976170e-14
7.428000e+10	2.976520e-14
7.432000e+10	2.976870e-14
7.436000e+10	2.977220e-14
7.440000e+10	2.977570e-14
7.444000e+10	2.977920e-14
7.448000e+10	2.978270e-14
7.452000e+10	2.978620e-14
7.456000e+10	2.978970e-14
7.460000e+10	2.979320e-14
7.464000e+10	2.979670e-14
7.468000e+10	2.980020e-14
7.472000e+10	2.980370e-14
7.476000e+10	2.980720e-14
7.480000e+10	2.981070e-14
7.484000e+10	2.981420e-14
7.488000e+10	2.981771e-14
7.492000e+10	2.982121e-14
7.496000e+10	2.982471e-14
7.500000e+10	2.982821e-14
7.504000e+10	2.983171e-14
7.508000e+10	2.983521e-14
7.512000e+10	2.983871e-14
7.516000e+10	2.984221e-14
7.520000e+10	2.984571e-14
7.524000e+10	2.984921e-14
7.528000e+10	2.985271e-14
7.532000e+10	2.985621e-14
7.536000e+10	2.985971e-14
7.540000e+10	2.986321e-14
7.544000e+10	2.986671e-14
7.548000e+10	2.987021e-14
7.552000e+10	2.987372e-14
7.556000e+10	2.987738e-14
7.560000e+10	2.988104e-14
7.564000e+10	2.988470e-14
7.568000e+10	2.988837e-14
7.572000e+10	2.989203e-14
7.576000e+10	2.989569e-14
7.580000e+10	2.989935e-14
7.584000e+10	2.990302e-14
7.588000e+10	2.990668e-14
7.592000e+10	2.991034e-14
7.596000e+10	2.991400e-14
7.600000e+10	2.991767e-14
7.604000e+10	2.992133e-14
7.608000e+10	2.992499e-14
7.612000e+10	2.992865e-14
7.616000e+10	2.993232e-14
7.620000e+10	2.993598e-14
7.624000e+10	2.993964e-14
7.628000e+10	2.994330e-14
7.632000e+10	2.994697e-14
7.636000e+10	2.995063e-14
7.640000e+10	2.995429e-14
7.644000e+10	2.995795e-14
7.648000e+10	2.996162e-14
7.652000e+10	2.996528e-14
7.656000e+10	2.996894e-14
7.660000e+10	2.997260e-14
7.664000e+10	2.997627e-14
7.668000e+10	2.997993e-14
7.672000e+10	2.998359e-14
7.676000e+10	2.998725e-14
7.680000e+10	2.999092e-14
7.684000e+10	2.999458e-14
7.688000e+10	2.999824e-14
7.692000e+10	3.000190e-14
7.696000e+10	3.000557e-14
7.700000e+10	3.000923e-14
7.704000e+10	3.001289e-14
7.708000e+10	3.001655e-14
7.712000e+10	3.002022e-14
7.716000e+10	3.002388e-14
7.720000e+10	3.002754e-14
7.724000e+10	3.003121e-14
7.728000e+10	3.003487e-14
7.732000e+10	3.003853e-14
7.736000e+10	3.004219e-14
7.740000e+10	3.004586e-14
7.744000e+10	3.004952e-14
7.748000e+10	3.005318e-14
7.752000e+10	3.005684e-14
7.756000e+10	3.006051e-14
7.760000e+10	3.006434e-14
7.764000e+10	3.006817e-14
7.768000e+10	3.007200e-14
7.772000e+10	3.007583e-14
7.776000e+10	3.007966e-14
7.780000e+10	3.008349e-14
7.784000e+10	3.008732e-14
7.788000e+10	3.009115e-14
7.792000e+10	3.009498e-14
7.796000e+10	3.009881e-14
7.800000e+10	3.010264e-14
7.804000e+10	3.010647e-14
7.808000e+10	3.011030e-14
7.812000e+10	3.011413e-14
7.816000e+10	3.011796e-14
7.820000e+10	3.012179e-14
7.824000e+10	3.012562e-14
7.828000e+10	3.012945e-14
7.832000e+10	3.013328e-14
7.836000e+10	3.013711e-14
7.840000e+10	3.014094e-14
7.844000e+10	3.014477e-14
7.848000e+10	3.014860e-14
7.852000e+10	3.015243e-14
7.856000e+10	3.015626e-14
7.860000e+10	3.016009e-14
7.864000e+10	3.016392e-14
7.868000e+10	3.016775e-14
7.872000e+10	3.017158e-14
7.876000e+10	3.017541e-14
7.880000e+10	3.017924e-14
7.884000e+10	3.018307e-14
7.888000e+10	3.018690e-14
7.892000e+10	3.019073e-14
7.896000e+10	3.019457e-14
7.900000e+10	3.019840e-14
7.904000e+10	3.020223e-14
7.908000e+10	3.020606e-14
7.912000e+10	3.020989e-14
7.916000e+10	3.021372e-14
7.920000e+10	3.021755e-14
7.924000e+10	3.022138e-14
7.928000e+10	3.022521e-14
7.932000e+10	3.022904e-14
7.936000e+10	3.023287e-14
7.940000e+10	3.023670e-14
7.944000e+10	3.024053e-14
7.948000e+10	3.024436e-14
7.952000e+10	3.024819e-14
7.956000e+10	3.025202e-14
7.960000e+10	3.025585e-14
7.964000e+10	3.025985e-14
7.968000e+10	3.026386e-14
7.972000e+10	3.026786e-14
7.976000e+10	3.027187e-14
7.980000e+10	3.027587e-14
7.984000e+10	3.027987e-14
7.988000e+10	3.028388e-14
7.992000e+10	3.028788e-14
7.996000e+10	3.029189e-14
8.000000e+10	3.029589e-14
8.004000e+10	3.029990e-14
8.008000e+10	3.030390e-14
8.012000e+10	3.030790e-14
8.016000e+10	3.031191e-14
8.020000e+10	3.031591e-14
8.024000e+10	3.031992e-14
8.028000e+10	3.032392e-14
8.032000e+10	3.032792e-14
8.036000e+10	3.033193e-14
8.040000e+10	3.033593e-14
8.044000e+10	3.033994e-14
8.048000e+10	3.034394e-14
8.052000e+10	3.034795e-14
8.056000e+10	3.035195e-14
8.060000e+10	3.035595e-14
8.064000e+10	3.035996e-14
8.068000e+10	3.036396e-14
8.072000e+10	3.036797e-14
8.076000e+10	3.037197e-14
8.080000e+10	3.037598e-14
8.084000e+10	3.037998e-14
8.088000e+10	3.038398e-14
8.092000e+10	3.038799e-14
8.096000e+10	3.039199e-14
8.100000e+10	3.039600e-14
8.104000e+10	3.040000e-14
8.108000e+10	3.040400e-14
8.112000e+10	3.040801e-14
8.116000e+10	3.041201e-14
8.120000e+10	3.041602e-14
8.124000e+10	3.042002e-14
8.128000e+10	3.042403e-14
8.132000e+10	3.042803e-14
8.136000e+10	3.043203e-14
8.140000e+10	3.043604e-14
8.144000e+10	3.044004e-14
8.148000e+10	3.044405e-14
8.152000e+10	3.044805e-14
8.156000e+10	3.045205e-14
8.160000e+10	3.045606e-14
8.164000e+10	3.046006e-14
8.168000e+10	3.046425e-14
8.172000e+10	3.046843e-14
8.176000e+10	3.047262e-14
8.180000e+10	3.047680e-14
8.184000e+10	3.048099e-14
8.188000e+10	3.048517e-14
8.192000e+10	3.048936e-14
8.196000e+10	3.049354e-14
8.200000e+10	3.049773e-14
8.204000e+10	3.050191e-14
8.208000e+10	3.050610e-14
8.212000e+10	3.051028e-14
8.216000e+10	3.051447e-14
8.220000e+10	3.051865e-14
8.224000e+10	3.052284e-14
8.228000e+10	3.052702e-14
8.232000e+10	3.053120e-14
8.236000e+10	3.053539e-14
8.240000e+10	3.053957e-14
8.244000e+10	3.054376e-14
8.248000e+10	3.054794e-14
8.252000e+10	3.055213e-14
8.256000e+10	3.055631e-14
8.260000e+10	3.056050e-14
8.264000e+10	3.056468e-14
8.268000e+10	3.056887e-14
8.272000e+10	3.057305e-14
8.276000e+10	3.057724e-14
8.280000e+10	3.058142e-14
8.284000e+10	3.058561e-14
8.288000e+10	3.058979e-14
8.292000e+10	3.059398e-14
8.296000e+10	3.059816e-14
8.300000e+10	3.060235e-14
8.304000e+10	3.060653e-14
8.308000e+10	3.061072e-14
8.312000e+10	3.061490e-14
8.316000e+10	3.061908e-14
8.320000e+10	3.062327e-14
8.324000e+10	3.062745e-14
8.328000e+10	3.063164e-14
8.332000e+10	3.063582e-14
8.336000e+10	3.064001e-14
8.340000e+10	3.064419e-14
8.344000e+10	3.064838e-14
8.348000e+10	3.065256e-14
8.352000e+10	3.065675e-14
8.356000e+10	3.066093e-14
8.360000e+10	3.066512e-14
8.364000e+10	3.066930e-14
8.368000e+10	3.067349e-14
8.372000e+10	3.067786e-14
8.376000e+10	3.068223e-14
8.380000e+10	3.068660e-14
8.384000e+10	3.069098e-14
8.388000e+10	3.069535e-14
8.392000e+10	3.069972e-14
8.396000e+10	3.070409e-14
8.400000e+10	3.070847e-14
8.404000e+10	3.071284e-14
8.408000e+10	3.071721e-14
8.412000e+10	3.072158e-14
8.416000e+10	3.072596e-14
8.420000e+10	3.073033e-14
8.424000e+10	3.073470e-14
8.428000e+10	3.073907e-14
8.432000e+10	3.074345e-14
8.436000e+10	3.074782e-14
8.440000e+10	3.075219e-14
8.444000e+10	3.075656e-14
8.448000e+10	3.076094e-14
8.452000e+10	3.076531e-14
8.456000e+10	3.076968e-14
8.460000e+10	3.077405e-14
8.464000e+10	3.077843e-14
8.468000e+10	3.078280e-14
8.472000e+10	3.078717e-14
8.476000e+10	3.079154e-14
8.480000e+10	3.079592e-14
8.484000e+10	3.080029e-14
8.488000e+10	3.080466e-14
8.492000e+10	3.080903e-14
8.496000e+10	3.081341e-14
8.500000e+10	3.081778e-14
8.504000e+10	3.082215e-14
8.508000e+10	3.082652e-14
8.512000e+10	3.083090e-14
8.516000e+10	3.083527e-14
8.520000e+10	3.083964e-14
8.524000e+10	3.084402e-14
8.528000e+10	3.084839e-14
8.532000e+10	3.085276e-14
8.536000e+10	3.085713e-14
8.540000e+10	3.086151e-14
8.544000e+10	3.086588e-14
8.548000e+10	3.087025e-14
8.552000e+10	3.087462e-14
8.556000e+10	3.087900e-14
8.560000e+10	3.088337e-14
8.564000e+10	3.088774e-14
8.568000e+10	3.089211e-14
8.572000e+10	3.089649e-14
8.576000e+10	3.090105e-14
8.580000e+10	3.090562e-14
8.584000e+10	3.091019e-14
8.588000e+10	3.091476e-14
8.592000e+10	3.091932e-14
8.596000e+10	3.092389e-14
8.600000e+10	3.092846e-14
8.604000e+10	3.093303e-14
8.608000e+10	3.093760e-14
8.612000e+10	3.094216e-14
8.616000e+10	3.094673e-14
8.620000e+10	3.095130e-14
8.624000e+10	3.095587e-14
8.628000e+10	3.096044e-14
8.632000e+10	3.096500e-14
8.636000e+10	3.096957e-14
8.640000e+10	3.097414e-14
8.644000e+10	3.097871e-14
8.648000e+10	3.098328e-14
8.652000e+10	3.098784e-14
8.656000e+10	3.099241e-14
8.660000e+10	3.099698e-14
8.664000e+10	3.100155e-14
8.668000e+10	3.100612e-14
8.672000e+10	3.101068e-14
8.676000e+10	3.101525e-14
8.680000e+10	3.101982e-14
8.684000e+10	3.102439e-14
8.688000e+10	3.102895e-14
8.692000e+10	3.103352e-14
8.696000e+10	3.103809e-14
8.700000e+10	3.104266e-14
8.704000e+10	3.104723e-14
8.708000e+10	3.105179e-14
8.712000e+10	3.105636e-14
8.716000e+10	3.106093e-14
8.720000e+10	3.106550e-14
8.724000e+10	3.107007e-14
8.728000e+10	3.107463e-14
8.732000e+10	3.107920e-14
8.736000e+10	3.108377e-14
8.740000e+10	3.108834e-14
8.744000e+10	3.109291e-14
8.748000e+10	3.109747e-14
8.752000e+10	3.110204e-14
8.756000e+10	3.110661e-14
8.760000e+10	3.111118e-14
8.764000e+10	3.111575e-14
8.768000e+10	3.112031e-14
8.772000e+10	3.112488e-14
8.776000e+10	3.112945e-14
8.780000e+10	3.113422e-14
8.784000e+10	3.113899e-14
8.788000e+10	3.114376e-14
8.792000e+10	3.114854e-14
8.796000e+10	3.115331e-14
8.800000e+10	3.115808e-14
8.804000e+10	3.116285e-14
8.808000e+10	3.116762e-14
8.812000e+10	3.117239e-14
8.816000e+10	3.117716e-14
8.820000e+10	3.118194e-14
8.824000e+10	3.118671e-14
8.828000e+10	3.119148e-14
8.832000e+10	3.119625e-14
8.836000e+10	3.120102e-14
8.840000e+10	3.120579e-14
8.844000e+10	3.121057e-14
8.848000e+10	3.121534e-14
8.852000e+10	3.122011e-14
8.856000e+10	3.122488e-14
8.860000e+10	3.122965e-14
8.864000e+10	3.123442e-14
8.868000e+10	3.123920e-14
8.872000e+10	3.124397e-14
8.876000e+10	3.124874e-14
8.880000e+10	3.125351e-14
8.884000e+10	3.125828e-14
8.888000e+10	3.126305e-14
8.892000e+10	3.126782e-14
8.896000e+10	3.127260e-14
8.900000e+10	3.127737e-14
8.904000e+10	3.128214e-14
8.908000e+10	3.128691e-14
8.912000e+10	3.129168e-14
8.916000e+10	3.129645e-14
8.920000e+10	3.130123e-14
8.924000e+10	3.130600e-14
8.928000e+10	3.131077e-14
8.932000e+10	3.131554e-14
8.936000e+10	3.132031e-14
8.940000e+10	3.132508e-14
8.944000e+10	3.132986e-14
8.948000e+10	3.133463e-14
8.952000e+10	3.133940e-14
8.956000e+10	3.134417e-14
8.960000e+10	3.134894e-14
8.964000e+10	3.135371e-14
8.968000e+10	3.135848e-14
8.972000e+10	3.136326e-14
8.976000e+10	3.136803e-14
8.980000e+10	3.137280e-14
8.984000e+10	3.137778e-14
8.988000e+10	3.138277e-14
8.992000e+10	3.138775e-14
8.996000e+10	3.139274e-14
9.000000e+10	3.139772e-14
9.004000e+10	3.140270e-14
9.008000e+10	3.140769e-14
9.012000e+10	3.141267e-14
9.016000e+10	3.141766e-14
9.020000e+10	3.142264e-14
9.024000e+10	3.142762e-14
9.028000e+10	3.143261e-14
9.032000e+10	3.143759e-14
9.036000e+10	3.144258e-14
9.040000e+10	3.144756e-14
9.044000e+10	3.145254e-14
9.048000e+10	3.145753e-14
9.052000e+10	3.146251e-14
9.056000e+10	3.146750e-14
9.060000e+10	3.147248e-14
9.064000e+10	3.147747e-14
9.068000e+10	3.148245e-14
9.072000e+10	3.148743e-14
9.076000e+10	3.149242e-14
9.080000e+10	3.149740e-14
9.084000e+10	3.150239e-14
9.088000e+10	3.150737e-14
9.092000e+10	3.151235e-14
9.096000e+10	3.151734e-14
9.100000e+10	3.152232e-14
9.104000e+10	3.152731e-14
9.108000e+10	3.153229e-14
9.112000e+10	3.153727e-14
9.116000e+10	3.154226e-14
9.120000e+10	3.154724e-14
9.124000e+10	3.155223e-14
9.128000e+10	3.155721e-14
9.132000e+10	3.156219e-14
9.136000e+10	3.156718e-14
9.140000e+10	3.157216e-14
9.144000e+10	3.157715e-14
9.148000e+10	3.158213e-14
9.152000e+10	3.158711e-14
9.156000e+10	3.159210e-14
9.160000e+10	3.159708e-14
9.164000e+10	3.160207e-14
9.168000e+10	3.160705e-14
9.172000e+10	3.161204e-14
9.176000e+10	3.161702e-14
9.180000e+10	3.162200e-14
9.184000e+10	3.162699e-14
9.188000e+10	3.163219e-14
9.192000e+10	3.163740e-14
9.196000e+10	3.164261e-14
9.200000e+10	3.164781e-14
9.204000e+10	3.165302e-14
9.208000e+10	3.165822e-14
9.212000e+10	3.166343e-14
9.216000e+10	3.166864e-14
9.220000e+10	3.167384e-14
9.224000e+10	3.167905e-14
9.228000e+10	3.168425e-14
9.232000e+10	3.168946e-14
9.236000e+10	3.169467e-14
9.240000e+10	3.169987e-14
9.244000e+10	3.170508e-14
9.248000e+10	3.171028e-14
9.252000e+10	3.171549e-14
9.256000e+10	3.172070e-14
9.260000e+10	3.172590e-14
9.264000e+10	3.173111e-14
9.268000e+10	3.173632e-14
9.272000e+10	3.174152e-14
9.276000e+10	3.174673e-14
9.280000e+10	3.175193e-14
9.284000e+10	3.175714e-14
9.288000e+10	3.176235e-14
9.292000e+10	3.176755e-14
9.296000e+10	3.177276e-14
9.300000e+10	3.177796e-14
9.304000e+10	3.178317e-14
9.308000e+10	3.178838e-14
9.312000e+10	3.179358e-14
9.316000e+10	3.179879e-14
9.320000e+10	3.180399e-14
9.324000e+10	3.180920e-14
9.328000e+10	3.181441e-14
9.332000e+10	3.181961e-14
9.336000e+10	3.182482e-14
9.340000e+10	3.183002e-14
9.344000e+10	3.183523e-14
9.348000e+10	3.184044e-14
9.352000e+10	3.184564e-14
9.356000e+10	3.185085e-14
9.360000e+10	3.185606e-14
9.364000e+10	3.186126e-14
9.368000e+10	3.186647e-14
9.372000e+10	3.187167e-14
9.376000e+10	3.187688e-14
9.380000e+10	3.188209e-14
9.384000e+10	3.188729e-14
9.388000e+10	3.189250e-14
9.392000e+10	3.189794e-14
9.396000e+10	3.190337e-14
9.400000e+10	3.190881e-14
9.404000e+10	3.191425e-14
9.408000e+10	3.191969e-14
9.412000e+10	3.192513e-14
9.416000e+10	3.193057e-14
9.420000e+10	3.193600e-14
9.424000e+10	3.194144e-14
9.428000e+10	3.194688e-14
9.432000e+10	3.195232e-14
9.436000e+10	3.195776e-14
9.440000e+10	3.196320e-14
9.444000e+10	3.196863e-14
9.448000e+10	3.197407e-14
9.452000e+10	3.197951e-14
9.456000e+10	3.198495e-14
9.460000e+10	3.199039e-14
9.464000e+10	3.199583e-14
9.468000e+10	3.200126e-14
9.472000e+10	3.200670e-14
9.476000e+10	3.201214e-14
9.480000e+10	3.201758e-14
9.484000e+10	3.202302e-14
9.488000e+10	3.202846e-14
9.492000e+10	3.203389e-14
9.496000e+10	3.203933e-14
9.500000e+10	3.204477e-14
9.504000e+10	3.205021e-14
9.508000e+10	3.205565e-14
9.512000e+10	3.206109e-14
9.516000e+10	3.206652e-14
9.520000e+10	3.207196e-14
9.524000e+10	3.207740e-14
9.528000e+10	3.208284e-14
9.532000e+10	3.208828e-14
9.536000e+10	3.209372e-14
9.540000e+10	3.209915e-14
9.544000e+10	3.210459e-14
9.548000e+10	3.211003e-14
9.552000e+10	3.211547e-14
9.556000e+10	3.212091e-14
9.560000e+10	3.212635e-14
9.564000e+10	3.213178e-14
9.568000e+10	3.213722e-14
9.572000e+10	3.214266e-14
9.576000e+10	3.214810e-14
9.580000e+10	3.215354e-14
9.584000e+10	3.215898e-14
9.588000e+10	3.216441e-14
9.592000e+10	3.216985e-14
9.596000e+10	3.217553e-14
9.600000e+10	3.218122e-14
9.604000e+10	3.218690e-14
9.608000e+10	3.219258e-14
9.612000e+10	3.219826e-14
9.616000e+10	3.220394e-14
9.620000e+10	3.220962e-14
9.624000e+10	3.221531e-14
9.628000e+10	3.222099e-14
9.632000e+10	3.222667e-14
9.636000e+10	3.223235e-14
9.640000e+10	3.223803e-14
9.644000e+10	3.224371e-14
9.648000e+10	3.224939e-14
9.652000e+10	3.225508e-14
9.656000e+10	3.226076e-14
9.660000e+10	3.226644e-14
9.664000e+10	3.227212e-14
9.668000e+10	3.227780e-14
9.672000e+10	3.228348e-14
9.676000e+10	3.228917e-14
9.680000e+10	3.229485e-14
9.684000e+10	3.230053e-14
9.688000e+10	3.230621e-14
9.692000e+10	3.231189e-14
9.696000e+10	3.231757e-14
9.700000e+10	3.232326e-14
9.704000e+10	3.232894e-14
9.708000e+10	3.233462e-14
9.712000e+10	3.234030e-14
9.716000e+10	3.234598e-14
9.720000e+10	3.235166e-14
9.724000e+10	3.235734e-14
9.728000e+10	3.236303e-14
9.732000e+10	3.236871e-14
9.736000e+10	3.237439e-14
9.740000e+10	3.238007e-14
9.744000e+10	3.238575e-14
9.748000e+10	3.239143e-14
9.752000e+10	3.239712e-14
9.756000e+10	3.240280e-14
9.760000e+10	3.240848e-14
9.764000e+10	3.241416e-14
9.768000e+10	3.241984e-14
9.772000e+10	3.242552e-14
9.776000e+10	3.243120e-14
9.780000e+10	3.243689e-14
9.784000e+10	3.244257e-14
9.788000e+10	3.244825e-14
9.792000e+10	3.245393e-14
9.796000e+10	3.245961e-14
9.800000e+10	3.246555e-14
9.804000e+10	3.247149e-14
9.808000e+10	3.247742e-14
9.812000e+10	3.248336e-14
9.816000e+10	3.248930e-14
9.820000e+10	3.249523e-14
9.824000e+10	3.250117e-14
9.828000e+10	3.250711e-14
9.832000e+10	3.251304e-14
9.836000e+10	3.251898e-14
9.840000e+10	3.252492e-14
9.844000e+10	3.253085e-14
9.848000e+10	3.253679e-14
9.852000e+10	3.254273e-14
9.856000e+10	3.254866e-14
9.860000e+10	3.255460e-14
9.864000e+10	3.256054e-14
9.868000e+10	3.256647e-14
9.872000e+10	3.257241e-14
9.876000e+10	3.257835e-14
9.880000e+10	3.258428e-14
9.884000e+10	3.259022e-14
9.888000e+10	3.259616e-14
9.892000e+10	3.260209e-14
9.896000e+10	3.260803e-14
9.900000e+10	3.261397e-14
9.904000e+10	3.261990e-14
9.908000e+10	3.262584e-14
9.912000e+10	3.263178e-14
9.916000e+10	3.263771e-14
9.920000e+10	3.264365e-14
9.924000e+10	3.264959e-14
9.928000e+10	3.265552e-14
9.932000e+10	3.266146e-14
9.936000e+10	3.266740e-14
9.940000e+10	3.267333e-14
9.944000e+10	3.267927e-14
9.948000e+10	3.268521e-14
9.952000e+10	3.269114e-14
9.956000e+10	3.269708e-14
9.960000e+10	3.270302e-14
9.964000e+10	3.270895e-14
9.968000e+10	3.271489e-14
9.972000e+10	3.272083e-14
9.976000e+10	3.272676e-14
9.980000e+10	3.273270e-14
9.984000e+10	3.273864e-14
9.988000e+10	3.274457e-14
9.992000e+10	3.275051e-14
9.996000e+10	3.275645e-14
1.000000e+11	3.276238e-14
