40000000.0	2.7450709372414428e-14
80000000.0	2.7366246060863634e-14
120000000.0	2.7287383847877534e-14
160000000.0	2.7213919472323758e-14
200000000.0	2.7145649673069933e-14
240000000.0	2.7082371188983692e-14
280000000.0	2.7023880758932665e-14
320000000.0	2.6969975121784484e-14
360000000.0	2.6920451016406778e-14
400000000.0	2.6875105181667175e-14
440000000.0	2.6833734356433308e-14
480000000.0	2.6796135279572808e-14
520000000.0	2.6762104689953308e-14
560000000.0	2.673143932644243e-14
600000000.0	2.6703935927907814e-14
640000000.0	2.6679391233217082e-14
680000000.0	2.6657601981237874e-14
720000000.0	2.663836491083781e-14
760000000.0	2.6621476760884528e-14
800000000.0	2.6606734270245654e-14
840000000.0	2.659393417778882e-14
880000000.0	2.6582873222381662e-14
920000000.0	2.6573348142892296e-14
960000000.0	2.656996701228236e-14
1000000000.0	2.656508216248422e-14
1040000000.0	2.655458596487733e-14
1080000000.0	2.6547614346358643e-14
1120000000.0	2.6543690310061215e-14
1160000000.0	2.6532470271556416e-14
1200000000.0	2.651797084152857e-14
1240000000.0	2.6503082531100255e-14
1280000000.0	2.6495419713004143e-14
1320000000.0	2.648312326456549e-14
1360000000.0	2.6475200814604227e-14
1400000000.0	2.6470673409681335e-14
1440000000.0	2.6464614071695713e-14
1480000000.0	2.646388128444125e-14
1520000000.0	2.645319934200859e-14
1560000000.0	2.6444191224959807e-14
1600000000.0	2.6440792325683476e-14
1640000000.0	2.6431638535348402e-14
1680000000.0	2.6418972049038192e-14
1720000000.0	2.641413360722243e-14
1760000000.0	2.6408093190549974e-14
1800000000.0	2.640174347983227e-14
1840000000.0	2.6389149406776053e-14
1880000000.0	2.6384282724036222e-14
1920000000.0	2.6381202974896655e-14
1960000000.0	2.6380400985200257e-14
2000000000.0	2.6379744623788462e-14
2040000000.0	2.6375720245061582e-14
2080000000.0	2.6365359505236687e-14
2120000000.0	2.6362647699811255e-14
2160000000.0	2.6351238094585572e-14
2200000000.0	2.6340766138321555e-14
2240000000.0	2.6330087611772395e-14
2280000000.0	2.632275272100946e-14
2320000000.0	2.631204797223772e-14
2360000000.0	2.6305511776845532e-14
2400000000.0	2.6299819914865733e-14
2440000000.0	2.6299764088615277e-14
2480000000.0	2.6298245193290905e-14
2520000000.0	2.6290839742196635e-14
2560000000.0	2.629004114451655e-14
2600000000.0	2.6281266846344375e-14
2640000000.0	2.6276595456456412e-14
2680000000.0	2.6274517944695876e-14
2720000000.0	2.6261717278866868e-14
2760000000.0	2.6249559497445686e-14
2800000000.0	2.624285233379644e-14
2840000000.0	2.6238322470651613e-14
2880000000.0	2.623375584614465e-14
2920000000.0	2.6230399585990565e-14
2960000000.0	2.622487208563541e-14
3000000000.0	2.6216208170125546e-14
3040000000.0	2.62087056761017e-14
3080000000.0	2.6210520787357693e-14
3120000000.0	2.6206816481149586e-14
3160000000.0	2.6206600752130228e-14
3200000000.0	2.619583349835766e-14
3240000000.0	2.6192795841065702e-14
3280000000.0	2.6189604755543796e-14
3320000000.0	2.61896810280962e-14
3360000000.0	2.61948228416053e-14
3400000000.0	2.6188455217976657e-14
3440000000.0	2.6183146176521174e-14
3480000000.0	2.6185774173236102e-14
3520000000.0	2.6182463494545693e-14
3560000000.0	2.6182587688804167e-14
3600000000.0	2.617849026396021e-14
3640000000.0	2.617455746090305e-14
3680000000.0	2.616781400412785e-14
3720000000.0	2.6163703472776137e-14
3760000000.0	2.6156940237178435e-14
3800000000.0	2.614951742254357e-14
3840000000.0	2.6145660407231677e-14
3880000000.0	2.6143785398121564e-14
3920000000.0	2.613010778993087e-14
3960000000.0	2.612871116637721e-14
4000000000.0	2.61257482281854e-14
4040000000.0	2.6125031104723368e-14
4080000000.0	2.6130492166486498e-14
4120000000.0	2.6128200338108568e-14
4160000000.0	2.6124658520622822e-14
4200000000.0	2.6121750905702553e-14
4240000000.0	2.6112374588700436e-14
4280000000.0	2.610425138800673e-14
4320000000.0	2.6106324907825974e-14
4360000000.0	2.60916148304419e-14
4400000000.0	2.608306645047493e-14
4440000000.0	2.6078851316744456e-14
4480000000.0	2.607024679683389e-14
4520000000.0	2.606492994492645e-14
4560000000.0	2.6058418706219722e-14
4600000000.0	2.6058701030712143e-14
4640000000.0	2.605101300024082e-14
4680000000.0	2.6050815824189336e-14
4720000000.0	2.6042419262284177e-14
4760000000.0	2.6042006884734996e-14
4800000000.0	2.6040082886088636e-14
4840000000.0	2.6040221549769086e-14
4880000000.0	2.6033511262465597e-14
4920000000.0	2.602776674245735e-14
4960000000.0	2.6024620446554945e-14
5000000000.0	2.6028447779542766e-14
5040000000.0	2.6029236470278207e-14
5080000000.0	2.6027854818976278e-14
5120000000.0	2.602340553978562e-14
5160000000.0	2.601262216938022e-14
5200000000.0	2.6018087989368026e-14
5240000000.0	2.6019058410158315e-14
5280000000.0	2.601613191368401e-14
5320000000.0	2.6019151227836763e-14
5360000000.0	2.6003436253465202e-14
5400000000.0	2.599394190279151e-14
5440000000.0	2.5994768275861192e-14
5480000000.0	2.5996895378740767e-14
5520000000.0	2.5990429090448182e-14
5560000000.0	2.5988151318195026e-14
5600000000.0	2.5986243840731387e-14
5640000000.0	2.5989276836551724e-14
5680000000.0	2.5987521140647036e-14
5720000000.0	2.599315585391769e-14
5760000000.0	2.599375973624672e-14
5800000000.0	2.5991377222395142e-14
5840000000.0	2.5992202559910416e-14
5880000000.0	2.598174723263121e-14
5920000000.0	2.5980746880064483e-14
5960000000.0	2.597251974308207e-14
6000000000.0	2.5964910386283473e-14
6040000000.0	2.596493985788414e-14
6080000000.0	2.5960610627035646e-14
6120000000.0	2.595246152124114e-14
6160000000.0	2.5954728887160386e-14
6200000000.0	2.5950089297439868e-14
6240000000.0	2.5941299381035295e-14
6280000000.0	2.5937933004545427e-14
6320000000.0	2.5934871900031194e-14
6360000000.0	2.59374188170045e-14
6400000000.0	2.5929627291631736e-14
6440000000.0	2.5934300672830793e-14
6480000000.0	2.5931221085516455e-14
6520000000.0	2.5936365282034288e-14
6560000000.0	2.5934327745940066e-14
6600000000.0	2.5930584755430922e-14
6640000000.0	2.59308147818314e-14
6680000000.0	2.592915742975861e-14
6720000000.0	2.592569902951826e-14
6760000000.0	2.5929003830253588e-14
6800000000.0	2.5922932696076888e-14
6840000000.0	2.5926053736431077e-14
6880000000.0	2.5923032803570916e-14
6920000000.0	2.591886093766517e-14
6960000000.0	2.592572865752983e-14
7000000000.0	2.5923441352184815e-14
7040000000.0	2.592577994978365e-14
7080000000.0	2.592696907641909e-14
7120000000.0	2.5918000444046085e-14
7160000000.0	2.5926284093888477e-14
7200000000.0	2.5927453385263792e-14
7240000000.0	2.5925729957618087e-14
7280000000.0	2.5924879068351958e-14
7320000000.0	2.5930765596924794e-14
7360000000.0	2.5930385209151777e-14
7400000000.0	2.593407842927531e-14
7440000000.0	2.5929479459157558e-14
7480000000.0	2.5927959131720177e-14
7520000000.0	2.592201769899e-14
7560000000.0	2.5914461462637965e-14
7600000000.0	2.591584172854245e-14
7640000000.0	2.5911315575852674e-14
7680000000.0	2.5909739539659376e-14
7720000000.0	2.590984762012156e-14
7760000000.0	2.5908313165556554e-14
7800000000.0	2.5911778126267764e-14
7840000000.0	2.5909230438149894e-14
7880000000.0	2.590750592005132e-14
7920000000.0	2.5909641220816905e-14
7960000000.0	2.5913452021393318e-14
8000000000.0	2.5913492803169516e-14
8040000000.0	2.5922405515137e-14
8080000000.0	2.5923060626431633e-14
8120000000.0	2.5931360850563767e-14
8160000000.0	2.593278956756968e-14
8200000000.0	2.5937735268250187e-14
8240000000.0	2.5933723096285435e-14
8280000000.0	2.593583479942992e-14
8320000000.0	2.5930487898739517e-14
8360000000.0	2.5930133949924584e-14
8400000000.0	2.5930900931678958e-14
8440000000.0	2.592272734761043e-14
8480000000.0	2.5919960265405192e-14
8520000000.0	2.5925346669226058e-14
8560000000.0	2.5925177734987742e-14
8600000000.0	2.5929436080783812e-14
8640000000.0	2.592120381266823e-14
8680000000.0	2.5922803668488265e-14
8720000000.0	2.592527138401245e-14
8760000000.0	2.5920680756332657e-14
8800000000.0	2.5915373483029265e-14
8840000000.0	2.590719216391267e-14
8880000000.0	2.590834669518775e-14
8920000000.0	2.5905915638925897e-14
8960000000.0	2.5901314773384435e-14
9000000000.0	2.5901015249611875e-14
9040000000.0	2.5892737704003886e-14
9080000000.0	2.5888856206021677e-14
9120000000.0	2.5875952435359714e-14
9160000000.0	2.5869103573929496e-14
9200000000.0	2.5861998670571663e-14
9240000000.0	2.5857043650821378e-14
9280000000.0	2.5854391352105515e-14
9320000000.0	2.585198742089064e-14
9360000000.0	2.5847436821786435e-14
9400000000.0	2.5842703477998063e-14
9440000000.0	2.5836854773259463e-14
9480000000.0	2.5836249236983153e-14
9520000000.0	2.5825413670961157e-14
9560000000.0	2.582065745283041e-14
9600000000.0	2.5817100374092605e-14
9640000000.0	2.58222974964088e-14
9680000000.0	2.5826052331248493e-14
9720000000.0	2.5827313622332627e-14
9760000000.0	2.5821699757992072e-14
9800000000.0	2.5824272690991396e-14
9840000000.0	2.582186024887512e-14
9880000000.0	2.582453080531651e-14
9920000000.0	2.581531185285342e-14
9960000000.0	2.581820724846885e-14
10000000000.0	2.5813878728879287e-14
10040000000.0	2.5821391083306614e-14
10080000000.0	2.5819945415766907e-14
10120000000.0	2.5818237015815947e-14
10160000000.0	2.5814185094229435e-14
10200000000.0	2.581258103679226e-14
10240000000.0	2.5824844295166866e-14
10280000000.0	2.5821831257677668e-14
10320000000.0	2.5819012870617255e-14
10360000000.0	2.5818955902034677e-14
10400000000.0	2.581379601680192e-14
10440000000.0	2.5819470396561707e-14
10480000000.0	2.5822374479625552e-14
10520000000.0	2.5822970891236423e-14
10560000000.0	2.5822216837559585e-14
10600000000.0	2.5824334746627854e-14
10640000000.0	2.5827841650587772e-14
10680000000.0	2.581938641685288e-14
10720000000.0	2.5819321742538453e-14
10760000000.0	2.5818642149925993e-14
10800000000.0	2.5814429140888968e-14
10840000000.0	2.5817558965309354e-14
10880000000.0	2.5815248688990806e-14
10920000000.0	2.5820304546892123e-14
10960000000.0	2.5823682932707246e-14
11000000000.0	2.5821456381485836e-14
11040000000.0	2.582078499421485e-14
11080000000.0	2.582074296229513e-14
11120000000.0	2.5818731265427813e-14
11160000000.0	2.5818334177349264e-14
11200000000.0	2.581344225473233e-14
11240000000.0	2.581334322384288e-14
11280000000.0	2.581369138019674e-14
11320000000.0	2.5811998055537637e-14
11360000000.0	2.5818265390221287e-14
11400000000.0	2.5819935145604856e-14
11440000000.0	2.5816659248567474e-14
11480000000.0	2.581141103869334e-14
11520000000.0	2.5812132816862644e-14
11560000000.0	2.5811450526323588e-14
11600000000.0	2.5813718696521715e-14
11640000000.0	2.5812395953613143e-14
11680000000.0	2.5815791209674967e-14
11720000000.0	2.5822378537638515e-14
11760000000.0	2.581724527878694e-14
11800000000.0	2.5820058083950858e-14
11840000000.0	2.582270451467077e-14
11880000000.0	2.5825557029246665e-14
11920000000.0	2.5830719092247708e-14
11960000000.0	2.5831564083543706e-14
12000000000.0	2.5833414729112693e-14
12040000000.0	2.5822288376614246e-14
12080000000.0	2.582195094953752e-14
12120000000.0	2.582295291844012e-14
12160000000.0	2.5823415817038747e-14
12200000000.0	2.582444890155228e-14
12240000000.0	2.5818826575376307e-14
12280000000.0	2.5816189386304496e-14
12320000000.0	2.5812003016702124e-14
12360000000.0	2.5812048421013613e-14
12400000000.0	2.5810038652648105e-14
12440000000.0	2.5810656279557472e-14
12480000000.0	2.5818089143738536e-14
12520000000.0	2.5828146077101603e-14
12560000000.0	2.5833008425966445e-14
12600000000.0	2.5835460884916983e-14
12640000000.0	2.583413246817293e-14
12680000000.0	2.5830914321415805e-14
12720000000.0	2.5824021934526352e-14
12760000000.0	2.5817327008624117e-14
12800000000.0	2.5820587083482943e-14
12840000000.0	2.5818663295630914e-14
12880000000.0	2.581631871347853e-14
12920000000.0	2.5811204154431068e-14
12960000000.0	2.5810978066280396e-14
13000000000.0	2.5807938743587886e-14
13040000000.0	2.5800028974802397e-14
13080000000.0	2.5787085111879303e-14
13120000000.0	2.5786995265252635e-14
13160000000.0	2.5781420886951926e-14
13200000000.0	2.5781588940758903e-14
13240000000.0	2.5775444172885366e-14
13280000000.0	2.5773176660781448e-14
13320000000.0	2.5774003475738317e-14
13360000000.0	2.5772494890800152e-14
13400000000.0	2.57713982897352e-14
13440000000.0	2.5774871143517777e-14
13480000000.0	2.5775265329138337e-14
13520000000.0	2.5772227673810114e-14
13560000000.0	2.5777347400640062e-14
13600000000.0	2.578093947874462e-14
13640000000.0	2.577569718378312e-14
13680000000.0	2.577728037260748e-14
13720000000.0	2.5773816266538926e-14
13760000000.0	2.5775792433201147e-14
13800000000.0	2.5775713987934606e-14
13840000000.0	2.5771691297465127e-14
13880000000.0	2.577145441105902e-14
13920000000.0	2.577108658524338e-14
13960000000.0	2.576531598147057e-14
14000000000.0	2.575998940509037e-14
14040000000.0	2.5765098250978778e-14
14080000000.0	2.5764077636700674e-14
14120000000.0	2.5766635153070703e-14
14160000000.0	2.5768080502584036e-14
14200000000.0	2.5773108071140993e-14
14240000000.0	2.577459542254267e-14
14280000000.0	2.576802868977152e-14
14320000000.0	2.5761217277523978e-14
14360000000.0	2.5752511083538874e-14
14400000000.0	2.574736941136544e-14
14440000000.0	2.57456879948877e-14
14480000000.0	2.5749029958938886e-14
14520000000.0	2.575091709941769e-14
14560000000.0	2.5753787409058478e-14
14600000000.0	2.575696566120757e-14
14640000000.0	2.5755956363779282e-14
14680000000.0	2.5750700536498762e-14
14720000000.0	2.574930432922743e-14
14760000000.0	2.574247001286702e-14
14800000000.0	2.5743336737616742e-14
14840000000.0	2.5747766219873115e-14
14880000000.0	2.5751064727177938e-14
14920000000.0	2.5751570833130674e-14
14960000000.0	2.5751648076755217e-14
15000000000.0	2.575018750553827e-14
15040000000.0	2.574611034969779e-14
15080000000.0	2.575006714641564e-14
15120000000.0	2.5748692461102363e-14
15160000000.0	2.5753899881546406e-14
15200000000.0	2.575356523670266e-14
15240000000.0	2.575428044225282e-14
15280000000.0	2.575118462635009e-14
15320000000.0	2.575340785493764e-14
15360000000.0	2.5756926472026172e-14
15400000000.0	2.5757254408220105e-14
15440000000.0	2.5756441602100537e-14
15480000000.0	2.5755980716474543e-14
15520000000.0	2.575532977239663e-14
15560000000.0	2.5750406338729388e-14
15600000000.0	2.5743460468921762e-14
15640000000.0	2.5746509357773836e-14
15680000000.0	2.574274407896919e-14
15720000000.0	2.5741294721893638e-14
15760000000.0	2.573619021486208e-14
15800000000.0	2.5740357613432065e-14
15840000000.0	2.5735884809217636e-14
15880000000.0	2.5736462517421913e-14
15920000000.0	2.5733377355459445e-14
15960000000.0	2.5729075610464767e-14
16000000000.0	2.5723561094799143e-14
16040000000.0	2.5726992611071672e-14
16080000000.0	2.5729221770469887e-14
16120000000.0	2.5731171741681743e-14
16160000000.0	2.573640565300982e-14
16200000000.0	2.5743318189173072e-14
16240000000.0	2.574454893720027e-14
16280000000.0	2.5742919103772176e-14
16320000000.0	2.5745849915544186e-14
16360000000.0	2.5754481689339152e-14
16400000000.0	2.5752464956345105e-14
16440000000.0	2.575326897010093e-14
16480000000.0	2.575168135203569e-14
16520000000.0	2.5748937990722153e-14
16560000000.0	2.5744609567012354e-14
16600000000.0	2.5742977207813247e-14
16640000000.0	2.573833386142772e-14
16680000000.0	2.574197781818163e-14
16720000000.0	2.573528396441641e-14
16760000000.0	2.5732203267988604e-14
16800000000.0	2.572735152242179e-14
16840000000.0	2.5733373230308408e-14
16880000000.0	2.572971244717325e-14
16920000000.0	2.573356554584568e-14
16960000000.0	2.5730508888341593e-14
17000000000.0	2.573328368180426e-14
17040000000.0	2.5731376599977602e-14
17080000000.0	2.572958032867863e-14
17120000000.0	2.5726841603317932e-14
17160000000.0	2.571907865937778e-14
17200000000.0	2.571924718925309e-14
17240000000.0	2.572189127381645e-14
17280000000.0	2.5723702547854305e-14
17320000000.0	2.5721689827071042e-14
17360000000.0	2.5724294113544322e-14
17400000000.0	2.5731265789688897e-14
17440000000.0	2.573070927035314e-14
17480000000.0	2.5738199659414474e-14
17520000000.0	2.5741344478873557e-14
17560000000.0	2.5745568990704675e-14
17600000000.0	2.574724830136656e-14
17640000000.0	2.57492525999542e-14
17680000000.0	2.5745430922113355e-14
17720000000.0	2.5749881240348964e-14
17760000000.0	2.5751947510152293e-14
17800000000.0	2.5758786600308343e-14
17840000000.0	2.5764068070068798e-14
17880000000.0	2.576956392589957e-14
17920000000.0	2.577467775934093e-14
17960000000.0	2.5777050239612505e-14
18000000000.0	2.5778186758177558e-14
18040000000.0	2.5775667414278015e-14
18080000000.0	2.5778896307573833e-14
18120000000.0	2.5775911099403343e-14
18160000000.0	2.577499486655496e-14
18200000000.0	2.5770925117058743e-14
18240000000.0	2.5767622946245547e-14
18280000000.0	2.5763003036173814e-14
18320000000.0	2.5760840289501046e-14
18360000000.0	2.5761227559468603e-14
18400000000.0	2.576063463742712e-14
18440000000.0	2.575743681888592e-14
18480000000.0	2.575268489520375e-14
18520000000.0	2.575501547124176e-14
18560000000.0	2.5749879123477716e-14
18600000000.0	2.5751232995211406e-14
18640000000.0	2.575112836498236e-14
18680000000.0	2.5751181852465295e-14
18720000000.0	2.5747422088495872e-14
18760000000.0	2.574484084865948e-14
18800000000.0	2.5734768154853226e-14
18840000000.0	2.5724710627607497e-14
18880000000.0	2.5722384631271377e-14
18920000000.0	2.5720408733341296e-14
18960000000.0	2.5717077796717656e-14
19000000000.0	2.5721932628052726e-14
19040000000.0	2.5719577347664882e-14
19080000000.0	2.5716408892205893e-14
19120000000.0	2.572134663157179e-14
19160000000.0	2.5716829857074165e-14
19200000000.0	2.571818076308557e-14
19240000000.0	2.5715361955562344e-14
19280000000.0	2.5711729042558203e-14
19320000000.0	2.570279593828907e-14
19360000000.0	2.5701273986679687e-14
19400000000.0	2.5699853366797316e-14
19440000000.0	2.5704266809602588e-14
19480000000.0	2.5705076641889916e-14
19520000000.0	2.5701442565244e-14
19560000000.0	2.570832106735077e-14
19600000000.0	2.5715913505718235e-14
19640000000.0	2.5711004632514288e-14
19680000000.0	2.5710426281301353e-14
19720000000.0	2.5720303413722168e-14
19760000000.0	2.5718722299302135e-14
19800000000.0	2.571324637159274e-14
19840000000.0	2.5715630792258858e-14
19880000000.0	2.572048242811046e-14
19920000000.0	2.572583198931767e-14
19960000000.0	2.5727159580544628e-14
20000000000.0	2.57317197429282e-14
20040000000.0	2.5732088931040772e-14
20080000000.0	2.573858737365989e-14
20120000000.0	2.574190411393532e-14
20160000000.0	2.5748139283143565e-14
20200000000.0	2.5751963138607967e-14
20240000000.0	2.576013128815698e-14
20280000000.0	2.5762005568009258e-14
20320000000.0	2.5764591715215788e-14
20360000000.0	2.5772165421518048e-14
20400000000.0	2.5780918363080322e-14
20440000000.0	2.577896626376634e-14
20480000000.0	2.5780529434684227e-14
20520000000.0	2.5778305376843213e-14
20560000000.0	2.577656702621783e-14
20600000000.0	2.5779134166374258e-14
20640000000.0	2.5780871052934087e-14
20680000000.0	2.5777303606211927e-14
20720000000.0	2.577992868106192e-14
20760000000.0	2.5786891417754063e-14
20800000000.0	2.578283432984546e-14
20840000000.0	2.578376166453946e-14
20880000000.0	2.5786328526748315e-14
20920000000.0	2.578720672418325e-14
20960000000.0	2.5790189482635367e-14
21000000000.0	2.5782582260108825e-14
21040000000.0	2.5778832492947634e-14
21080000000.0	2.5775678806150916e-14
21120000000.0	2.5778586843075236e-14
21160000000.0	2.578267081777352e-14
21200000000.0	2.5778148097256317e-14
21240000000.0	2.5777599775097565e-14
21280000000.0	2.5775705421450584e-14
21320000000.0	2.5778489822335573e-14
21360000000.0	2.578179643959711e-14
21400000000.0	2.5775916557146897e-14
21440000000.0	2.577844407169055e-14
21480000000.0	2.5780941622652614e-14
21520000000.0	2.576919138917766e-14
21560000000.0	2.5770044245900703e-14
21600000000.0	2.5769844928787936e-14
21640000000.0	2.577387374473101e-14
21680000000.0	2.5773870317314608e-14
21720000000.0	2.578123140407888e-14
21760000000.0	2.577870692007789e-14
21800000000.0	2.5778836469733985e-14
21840000000.0	2.578278437096428e-14
21880000000.0	2.578052363455067e-14
21920000000.0	2.5785953322467802e-14
21960000000.0	2.578534863337158e-14
22000000000.0	2.5782927166667754e-14
22040000000.0	2.5785309261192453e-14
22080000000.0	2.578266336961182e-14
22120000000.0	2.578611105061157e-14
22160000000.0	2.578950049371427e-14
22200000000.0	2.5777614506202938e-14
22240000000.0	2.5775850686744815e-14
22280000000.0	2.5774387668423604e-14
22320000000.0	2.576954429214139e-14
22360000000.0	2.5771794490877754e-14
22400000000.0	2.5771640209837618e-14
22440000000.0	2.5772733642877913e-14
22480000000.0	2.5782140568263307e-14
22520000000.0	2.5786453227314632e-14
22560000000.0	2.5777021453522128e-14
22600000000.0	2.5771689518483518e-14
22640000000.0	2.57709670198029e-14
22680000000.0	2.577106241498835e-14
22720000000.0	2.576251654356915e-14
22760000000.0	2.5755059061850187e-14
22800000000.0	2.575516244529989e-14
22840000000.0	2.5755538022880776e-14
22880000000.0	2.5752459930542223e-14
22920000000.0	2.5744276459024036e-14
22960000000.0	2.5741263271050593e-14
23000000000.0	2.5740820755743906e-14
23040000000.0	2.5739208135711604e-14
23080000000.0	2.5738240328368843e-14
23120000000.0	2.5732974627290617e-14
23160000000.0	2.5728177381946736e-14
23200000000.0	2.5721692700162964e-14
23240000000.0	2.57168393867612e-14
23280000000.0	2.5714030872276754e-14
23320000000.0	2.571322970782749e-14
23360000000.0	2.57128984308441e-14
23400000000.0	2.5715461385754958e-14
23440000000.0	2.5714111305778822e-14
23480000000.0	2.571458455740813e-14
23520000000.0	2.5714075154605728e-14
23560000000.0	2.5715515602300144e-14
23600000000.0	2.571465207521914e-14
23640000000.0	2.571465074361133e-14
23680000000.0	2.5718980663001392e-14
23720000000.0	2.57156541595932e-14
23760000000.0	2.5718364753296993e-14
23800000000.0	2.5718850980056585e-14
23840000000.0	2.5721657903354e-14
23880000000.0	2.5727493759251505e-14
23920000000.0	2.5724767248492678e-14
23960000000.0	2.572532920430678e-14
24000000000.0	2.5729175792534708e-14
24040000000.0	2.573478138160682e-14
24080000000.0	2.574798014201331e-14
24120000000.0	2.5756779465900425e-14
24160000000.0	2.5757253831453116e-14
24200000000.0	2.5757289053394143e-14
24240000000.0	2.5764231133858668e-14
24280000000.0	2.576146704748159e-14
24320000000.0	2.5756605979201415e-14
24360000000.0	2.5767826075101988e-14
24400000000.0	2.578004428812091e-14
24440000000.0	2.577753056683345e-14
24480000000.0	2.5779487843542814e-14
24520000000.0	2.5779056620451845e-14
24560000000.0	2.5781933393975628e-14
24600000000.0	2.577890122794092e-14
24640000000.0	2.578295128803278e-14
24680000000.0	2.5780414376139374e-14
24720000000.0	2.5785171599993618e-14
24760000000.0	2.578320372584174e-14
24800000000.0	2.5787571752884826e-14
24840000000.0	2.5778882982385844e-14
24880000000.0	2.5778533630763307e-14
24920000000.0	2.5775372372756002e-14
24960000000.0	2.5772115364921455e-14
25000000000.0	2.5775773209243477e-14
25040000000.0	2.5778610060624373e-14
25080000000.0	2.5776484324897246e-14
25120000000.0	2.5777155044711115e-14
25160000000.0	2.577702406130965e-14
25200000000.0	2.5774213177591408e-14
25240000000.0	2.5775354671572443e-14
25280000000.0	2.578435801736129e-14
25320000000.0	2.5787679190495537e-14
25360000000.0	2.579387275875909e-14
25400000000.0	2.5790645538692975e-14
25440000000.0	2.5786717815673805e-14
25480000000.0	2.5786462153997213e-14
25520000000.0	2.5786446411605017e-14
25560000000.0	2.5782611539350517e-14
25600000000.0	2.5790118322986514e-14
25640000000.0	2.5789429934771867e-14
25680000000.0	2.5789175779482365e-14
25720000000.0	2.579012718703427e-14
25760000000.0	2.5787806470281856e-14
25800000000.0	2.579680012035771e-14
25840000000.0	2.580037561584733e-14
25880000000.0	2.579237338253036e-14
25920000000.0	2.5788542465340964e-14
25960000000.0	2.578725971304035e-14
26000000000.0	2.5789759458696924e-14
26040000000.0	2.5798046507468335e-14
26080000000.0	2.5797838886670165e-14
26120000000.0	2.5805273485628016e-14
26160000000.0	2.579994132738406e-14
26200000000.0	2.5791288246087884e-14
26240000000.0	2.5798516533467124e-14
26280000000.0	2.579308608727691e-14
26320000000.0	2.5797633723767134e-14
26360000000.0	2.5801438496865266e-14
26400000000.0	2.5798404012547875e-14
26440000000.0	2.578768891759295e-14
26480000000.0	2.5788648895252553e-14
26520000000.0	2.5788606831906702e-14
26560000000.0	2.578572453805993e-14
26600000000.0	2.5781386533913397e-14
26640000000.0	2.5783225346237086e-14
26680000000.0	2.5781427456412573e-14
26720000000.0	2.5789215503657856e-14
26760000000.0	2.5791225783100495e-14
26800000000.0	2.579577717055499e-14
26840000000.0	2.5797868761237284e-14
26880000000.0	2.5800696319239562e-14
26920000000.0	2.580749629173468e-14
26960000000.0	2.5818094374989392e-14
27000000000.0	2.5820843360677487e-14
27040000000.0	2.583067291159493e-14
27080000000.0	2.582275850090397e-14
27120000000.0	2.5818424578586488e-14
27160000000.0	2.582197331043108e-14
27200000000.0	2.5824058077160103e-14
27240000000.0	2.58298798840366e-14
27280000000.0	2.5833736577384707e-14
27320000000.0	2.584169385122166e-14
27360000000.0	2.584725580242442e-14
27400000000.0	2.5850744389634185e-14
27440000000.0	2.585035307797107e-14
27480000000.0	2.5848889307393302e-14
27520000000.0	2.584735212310341e-14
27560000000.0	2.585088928940632e-14
27600000000.0	2.584055101014469e-14
27640000000.0	2.5833981523770466e-14
27680000000.0	2.5832410554755448e-14
27720000000.0	2.5834431998554143e-14
27760000000.0	2.5835615619201595e-14
27800000000.0	2.583870671557867e-14
27840000000.0	2.5839073575653076e-14
27880000000.0	2.584176050888999e-14
27920000000.0	2.5834927351840775e-14
27960000000.0	2.5837284925253425e-14
28000000000.0	2.583446270034449e-14
28040000000.0	2.583429196751699e-14
28080000000.0	2.5832428183106888e-14
28120000000.0	2.5831340125008813e-14
28160000000.0	2.582479571195086e-14
28200000000.0	2.5822900008826797e-14
28240000000.0	2.5822448609979916e-14
28280000000.0	2.582226597590052e-14
28320000000.0	2.581955400890419e-14
28360000000.0	2.5826054177174195e-14
28400000000.0	2.5831174128996087e-14
28440000000.0	2.583389897369063e-14
28480000000.0	2.5839885463142032e-14
28520000000.0	2.5841790787197343e-14
28560000000.0	2.5847923722273636e-14
28600000000.0	2.5842026531741666e-14
28640000000.0	2.584082712523483e-14
28680000000.0	2.583801854661838e-14
28720000000.0	2.5832987848729646e-14
28760000000.0	2.5829315218346853e-14
28800000000.0	2.583036935482973e-14
28840000000.0	2.5828562839729394e-14
28880000000.0	2.583304431785701e-14
28920000000.0	2.583324351571895e-14
28960000000.0	2.5828812880076044e-14
29000000000.0	2.5833698213118273e-14
29040000000.0	2.5838218196693318e-14
29080000000.0	2.5838070421033866e-14
29120000000.0	2.5840881399442937e-14
29160000000.0	2.5839414649069674e-14
29200000000.0	2.5830585781285995e-14
29240000000.0	2.5828423682054357e-14
29280000000.0	2.582247658164315e-14
29320000000.0	2.5822425345207706e-14
29360000000.0	2.581466315892542e-14
29400000000.0	2.5822243149023118e-14
29440000000.0	2.581841677715798e-14
29480000000.0	2.5820550964929692e-14
29520000000.0	2.582242695422551e-14
29560000000.0	2.5826448633580336e-14
29600000000.0	2.582893767446553e-14
29640000000.0	2.582331121825054e-14
29680000000.0	2.5821566644029823e-14
29720000000.0	2.5823309659729024e-14
29760000000.0	2.582511223933095e-14
29800000000.0	2.5834953989791887e-14
29840000000.0	2.5832934138740824e-14
29880000000.0	2.5840635276279113e-14
29920000000.0	2.584261613914319e-14
29960000000.0	2.584107917053008e-14
30000000000.0	2.584716910478445e-14
30040000000.0	2.584948627859787e-14
30080000000.0	2.5853902605312735e-14
30120000000.0	2.58662904048127e-14
30160000000.0	2.5864468314078892e-14
30200000000.0	2.5863630001888375e-14
30240000000.0	2.586209128510762e-14
30280000000.0	2.58609233583325e-14
30320000000.0	2.5862520065050266e-14
30360000000.0	2.586346844107436e-14
30400000000.0	2.586960261811156e-14
30440000000.0	2.5872760352568037e-14
30480000000.0	2.5875474398570843e-14
30520000000.0	2.5883492247003307e-14
30560000000.0	2.5887490770390786e-14
30600000000.0	2.5889199465717872e-14
30640000000.0	2.5883549093332943e-14
30680000000.0	2.588517566394598e-14
30720000000.0	2.589191959573648e-14
30760000000.0	2.589490929129299e-14
30800000000.0	2.5894380944031493e-14
30840000000.0	2.588826869168421e-14
30880000000.0	2.5885590547775836e-14
30920000000.0	2.5874312588797444e-14
30960000000.0	2.5869566581708976e-14
31000000000.0	2.5868619048568245e-14
31040000000.0	2.5864719194552113e-14
31080000000.0	2.5865681562296414e-14
31120000000.0	2.585928110232195e-14
31160000000.0	2.5860905800124638e-14
31200000000.0	2.5851720393916246e-14
31240000000.0	2.5854600875209058e-14
31280000000.0	2.585292409062166e-14
31320000000.0	2.5849736635711438e-14
31360000000.0	2.5846029187117204e-14
31400000000.0	2.5844577179674096e-14
31440000000.0	2.5845412775204528e-14
31480000000.0	2.584531891240894e-14
31520000000.0	2.5847918717819826e-14
31560000000.0	2.5846282935347035e-14
31600000000.0	2.5843460649433327e-14
31640000000.0	2.5844872385413665e-14
31680000000.0	2.5851570984359305e-14
31720000000.0	2.5852011804070405e-14
31760000000.0	2.5859086130589937e-14
31800000000.0	2.5855448577537784e-14
31840000000.0	2.5863958270381422e-14
31880000000.0	2.5867769850766577e-14
31920000000.0	2.586636849756717e-14
31960000000.0	2.5870567706537984e-14
32000000000.0	2.587751182678607e-14
32040000000.0	2.5884060939424637e-14
32080000000.0	2.5889175839398494e-14
32120000000.0	2.5892929105544863e-14
32160000000.0	2.5898758144549252e-14
32200000000.0	2.590252711030707e-14
32240000000.0	2.590230065367362e-14
32280000000.0	2.590539259736286e-14
32320000000.0	2.59096772328212e-14
32360000000.0	2.590099324408796e-14
32400000000.0	2.59023135929295e-14
32440000000.0	2.5906116330421937e-14
32480000000.0	2.59030144207431e-14
32520000000.0	2.5896981810221116e-14
32560000000.0	2.589728851077148e-14
32600000000.0	2.5895042181159766e-14
32640000000.0	2.5903338664851157e-14
32680000000.0	2.5910306215095938e-14
32720000000.0	2.5914457289757865e-14
32760000000.0	2.5916800280599777e-14
32800000000.0	2.5914502329048683e-14
32840000000.0	2.5913553234180574e-14
32880000000.0	2.5914522947775748e-14
32920000000.0	2.5914639958621776e-14
32960000000.0	2.5914937439569725e-14
33000000000.0	2.5913331087199943e-14
33040000000.0	2.591122615297657e-14
33080000000.0	2.5907266113736318e-14
33120000000.0	2.5906440399556178e-14
33160000000.0	2.5912229791050268e-14
33200000000.0	2.5911804451348664e-14
33240000000.0	2.590773267805674e-14
33280000000.0	2.590533345202203e-14
33320000000.0	2.590049761764274e-14
33360000000.0	2.5905337143634223e-14
33400000000.0	2.5909751022953354e-14
33440000000.0	2.591769351599948e-14
33480000000.0	2.5908629610633543e-14
33520000000.0	2.5905163673651222e-14
33560000000.0	2.5904837826576634e-14
33600000000.0	2.5914024381353684e-14
33640000000.0	2.5916407142297016e-14
33680000000.0	2.591335766007279e-14
33720000000.0	2.5908636002231365e-14
33760000000.0	2.5909533475707532e-14
33800000000.0	2.5906257586671632e-14
33840000000.0	2.5904060220266846e-14
33880000000.0	2.5904879391048162e-14
33920000000.0	2.590877256644594e-14
33960000000.0	2.5901618506550175e-14
34000000000.0	2.589992870546355e-14
34040000000.0	2.5904720731314295e-14
34080000000.0	2.5907498021376792e-14
34120000000.0	2.5912008305870657e-14
34160000000.0	2.5914356414974784e-14
34200000000.0	2.5912472596056806e-14
34240000000.0	2.5919045378271293e-14
34280000000.0	2.592090903499695e-14
34320000000.0	2.5928294264501026e-14
34360000000.0	2.5939529478387686e-14
34400000000.0	2.5944998305854144e-14
34440000000.0	2.5944589160744232e-14
34480000000.0	2.5940570601043706e-14
34520000000.0	2.5938442641468812e-14
34560000000.0	2.5944499905319338e-14
34600000000.0	2.5949082230248124e-14
34640000000.0	2.5950987995890563e-14
34680000000.0	2.59475516796411e-14
34720000000.0	2.5949447752049517e-14
34760000000.0	2.5951649416370945e-14
34800000000.0	2.5955148580123362e-14
34840000000.0	2.5954621382635916e-14
34880000000.0	2.5957819221971495e-14
34920000000.0	2.5958683957183654e-14
34960000000.0	2.5952659155407075e-14
35000000000.0	2.595321032009284e-14
35040000000.0	2.595585510722772e-14
35080000000.0	2.595743349254461e-14
35120000000.0	2.596782236380281e-14
35160000000.0	2.5966623983226035e-14
35200000000.0	2.596527166997999e-14
35240000000.0	2.5967074434401917e-14
35280000000.0	2.597787427702142e-14
35320000000.0	2.5979470352363483e-14
35360000000.0	2.5979919451697673e-14
35400000000.0	2.597991777130996e-14
35440000000.0	2.5973178123492512e-14
35480000000.0	2.597146785200539e-14
35520000000.0	2.5972043483345982e-14
35560000000.0	2.5967803930828924e-14
35600000000.0	2.5970412051250596e-14
35640000000.0	2.5971661862403012e-14
35680000000.0	2.5975381976908803e-14
35720000000.0	2.5976951866101482e-14
35760000000.0	2.598416272695752e-14
35800000000.0	2.5989287987194402e-14
35840000000.0	2.599206040119303e-14
35880000000.0	2.599941021355077e-14
35920000000.0	2.599716837840449e-14
35960000000.0	2.6002512654941084e-14
36000000000.0	2.601111280342906e-14
36040000000.0	2.600857602735277e-14
36080000000.0	2.6012681392698103e-14
36120000000.0	2.6021358789641332e-14
36160000000.0	2.601207532328469e-14
36200000000.0	2.6015070380625434e-14
36240000000.0	2.6017344049738186e-14
36280000000.0	2.6023365787005172e-14
36320000000.0	2.6027846329630215e-14
36360000000.0	2.6020483736734492e-14
36400000000.0	2.6022664421731833e-14
36440000000.0	2.602516037995677e-14
36480000000.0	2.60292667863901e-14
36520000000.0	2.6035145423201928e-14
36560000000.0	2.603362482703408e-14
36600000000.0	2.6031481373345408e-14
36640000000.0	2.6031204319961492e-14
36680000000.0	2.6030624180155363e-14
36720000000.0	2.602666177606485e-14
36760000000.0	2.6026974335158605e-14
36800000000.0	2.602490593703684e-14
36840000000.0	2.6023684525076312e-14
36880000000.0	2.6027315637054483e-14
36920000000.0	2.602311388097635e-14
36960000000.0	2.6030689102524443e-14
37000000000.0	2.6035244937954518e-14
37040000000.0	2.603129557270178e-14
37080000000.0	2.6024328578968283e-14
37120000000.0	2.6023757846671865e-14
37160000000.0	2.6029873230763115e-14
37200000000.0	2.6021442714092506e-14
37240000000.0	2.601677270626365e-14
37280000000.0	2.601639641394525e-14
37320000000.0	2.6016133939813297e-14
37360000000.0	2.601937760847791e-14
37400000000.0	2.601590906356961e-14
37440000000.0	2.6026806689169342e-14
37480000000.0	2.603102061139008e-14
37520000000.0	2.6032553497153687e-14
37560000000.0	2.603373652678119e-14
37600000000.0	2.6032588633519692e-14
37640000000.0	2.6030885931384312e-14
37680000000.0	2.6029741416193216e-14
37720000000.0	2.602901870018224e-14
37760000000.0	2.603276073819197e-14
37800000000.0	2.602697749012037e-14
37840000000.0	2.6028695334518072e-14
37880000000.0	2.6030163303169466e-14
37920000000.0	2.6022262922337135e-14
37960000000.0	2.6027505104533835e-14
38000000000.0	2.6029137459234267e-14
38040000000.0	2.60286311755341e-14
38080000000.0	2.6033509810734573e-14
38120000000.0	2.603453136121871e-14
38160000000.0	2.6038013489676657e-14
38200000000.0	2.6038585334511454e-14
38240000000.0	2.6039875240813403e-14
38280000000.0	2.604420522056521e-14
38320000000.0	2.6046841262152518e-14
38360000000.0	2.6041595037943495e-14
38400000000.0	2.604523239419735e-14
38440000000.0	2.6049593675808e-14
38480000000.0	2.604605811987043e-14
38520000000.0	2.605366435362361e-14
38560000000.0	2.6054796988422555e-14
38600000000.0	2.6055589888560574e-14
38640000000.0	2.605693251367891e-14
38680000000.0	2.606065056840105e-14
38720000000.0	2.6062379270319025e-14
38760000000.0	2.6060921179011144e-14
38800000000.0	2.6055299096073747e-14
38840000000.0	2.6054841686396244e-14
38880000000.0	2.6057190879983272e-14
38920000000.0	2.6060930427674393e-14
38960000000.0	2.6059384196473784e-14
39000000000.0	2.6063303668364068e-14
39040000000.0	2.607018393817334e-14
39080000000.0	2.607088706753701e-14
39120000000.0	2.607530760587167e-14
39160000000.0	2.6079447363877645e-14
39200000000.0	2.608625260767048e-14
39240000000.0	2.6081200143974533e-14
39280000000.0	2.6082934792398018e-14
39320000000.0	2.608493388448911e-14
39360000000.0	2.6087836101260815e-14
39400000000.0	2.6092646446950085e-14
39440000000.0	2.609995461493393e-14
39480000000.0	2.6099245524688214e-14
39520000000.0	2.610857316567017e-14
39560000000.0	2.6105474007096513e-14
39600000000.0	2.611075383957856e-14
39640000000.0	2.6108920911818077e-14
39680000000.0	2.611211400789233e-14
39720000000.0	2.611419174434807e-14
39760000000.0	2.6121133866740814e-14
39800000000.0	2.6120742179294792e-14
39840000000.0	2.6131081871871384e-14
39880000000.0	2.6132876562039115e-14
39920000000.0	2.613496303099606e-14
39960000000.0	2.6136433592075212e-14
40000000000.0	2.6137887656498948e-14
40040000000.0	2.614038102822748e-14
40080000000.0	2.6138082241526983e-14
40120000000.0	2.6136387867764524e-14
40160000000.0	2.6137555777588725e-14
40200000000.0	2.6134565791324647e-14
40240000000.0	2.6126037659338154e-14
40280000000.0	2.6125467884687658e-14
40320000000.0	2.6123526479958262e-14
40360000000.0	2.6125755893896695e-14
40400000000.0	2.6125609610034187e-14
40440000000.0	2.613192485944456e-14
40480000000.0	2.6124227617772363e-14
40520000000.0	2.612396590093436e-14
40560000000.0	2.6123727624050467e-14
40600000000.0	2.612532732778048e-14
40640000000.0	2.6125559234679988e-14
40680000000.0	2.612987980950658e-14
40720000000.0	2.6131834814853007e-14
40760000000.0	2.6135733263830318e-14
40800000000.0	2.6134275115850136e-14
40840000000.0	2.6134661944494577e-14
40880000000.0	2.6135372075344253e-14
40920000000.0	2.61367619974159e-14
40960000000.0	2.6137126381602296e-14
41000000000.0	2.614124821965411e-14
41040000000.0	2.61421976032559e-14
41080000000.0	2.6146147850172766e-14
41120000000.0	2.614975864374393e-14
41160000000.0	2.6160331454565978e-14
41200000000.0	2.6159907871286435e-14
41240000000.0	2.6157867281218283e-14
41280000000.0	2.6159868179674763e-14
41320000000.0	2.6159372691803462e-14
41360000000.0	2.615979303847045e-14
41400000000.0	2.615461732823561e-14
41440000000.0	2.6156450716888913e-14
41480000000.0	2.6155127683652665e-14
41520000000.0	2.6160284867564537e-14
41560000000.0	2.6154315036403306e-14
41600000000.0	2.6160803317303705e-14
41640000000.0	2.6157377931859032e-14
41680000000.0	2.614908953472788e-14
41720000000.0	2.6143158863644662e-14
41760000000.0	2.6148498427877237e-14
41800000000.0	2.614729362376299e-14
41840000000.0	2.614432391226322e-14
41880000000.0	2.6145152925633918e-14
41920000000.0	2.613746400490967e-14
41960000000.0	2.6140271484129426e-14
42000000000.0	2.6146046881522186e-14
42040000000.0	2.614759662427832e-14
42080000000.0	2.6156992933297208e-14
42120000000.0	2.615856932999256e-14
42160000000.0	2.6154866881151524e-14
42200000000.0	2.6157822606177074e-14
42240000000.0	2.6146074053356795e-14
42280000000.0	2.615221201053824e-14
42320000000.0	2.6153887342426452e-14
42360000000.0	2.6147646623074997e-14
42400000000.0	2.615055960327436e-14
42440000000.0	2.6155192558292807e-14
42480000000.0	2.614986048821841e-14
42520000000.0	2.6152731386478985e-14
42560000000.0	2.6144500946642455e-14
42600000000.0	2.61493073285879e-14
42640000000.0	2.6151948299061104e-14
42680000000.0	2.615847554554173e-14
42720000000.0	2.616431566721986e-14
42760000000.0	2.6169196085370388e-14
42800000000.0	2.6166074965453904e-14
42840000000.0	2.6172298082074244e-14
42880000000.0	2.6174321088675856e-14
42920000000.0	2.6175696581827226e-14
42960000000.0	2.6168628398466885e-14
43000000000.0	2.6167915409904322e-14
43040000000.0	2.616743991292745e-14
43080000000.0	2.6173550798855112e-14
43120000000.0	2.6180136394681963e-14
43160000000.0	2.6177182662062967e-14
43200000000.0	2.6182193191446177e-14
43240000000.0	2.6185193878246776e-14
43280000000.0	2.618620453340606e-14
43320000000.0	2.619318726385118e-14
43360000000.0	2.6195256986512672e-14
43400000000.0	2.619590547400084e-14
43440000000.0	2.6195697551776248e-14
43480000000.0	2.6205205671246797e-14
43520000000.0	2.6208817531647046e-14
43560000000.0	2.6205931996599924e-14
43600000000.0	2.6215584357087208e-14
43640000000.0	2.621982510208739e-14
43680000000.0	2.6218144767258152e-14
43720000000.0	2.6228734893381084e-14
43760000000.0	2.623263069581064e-14
43800000000.0	2.62282232435892e-14
43840000000.0	2.6231727516616825e-14
43880000000.0	2.6226258852655876e-14
43920000000.0	2.62209536710002e-14
43960000000.0	2.62264089054316e-14
44000000000.0	2.622828360843293e-14
44040000000.0	2.6230283018778466e-14
44080000000.0	2.6230978850278873e-14
44120000000.0	2.623201320919157e-14
44160000000.0	2.6231804323249608e-14
44200000000.0	2.623505646350114e-14
44240000000.0	2.6236641827128105e-14
44280000000.0	2.6237620992877592e-14
44320000000.0	2.6246292049921772e-14
44360000000.0	2.6252402144770262e-14
44400000000.0	2.6248326826188604e-14
44440000000.0	2.6246137338478678e-14
44480000000.0	2.6244702881745802e-14
44520000000.0	2.6238237739014885e-14
44560000000.0	2.6239221231341906e-14
44600000000.0	2.6240947474521585e-14
44640000000.0	2.62347505983369e-14
44680000000.0	2.622876913120036e-14
44720000000.0	2.6230257307319635e-14
44760000000.0	2.623205982942551e-14
44800000000.0	2.6234696134684437e-14
44840000000.0	2.6235429184129665e-14
44880000000.0	2.6236164149160057e-14
44920000000.0	2.6233488974103544e-14
44960000000.0	2.6238213594481912e-14
45000000000.0	2.6238610275307087e-14
45040000000.0	2.6245169854730482e-14
45080000000.0	2.6250058559063768e-14
45120000000.0	2.624711635303613e-14
45160000000.0	2.624778110997199e-14
45200000000.0	2.6244695613188108e-14
45240000000.0	2.625025467598363e-14
45280000000.0	2.6246630174114725e-14
45320000000.0	2.6254547828357546e-14
45360000000.0	2.6255001918026413e-14
45400000000.0	2.6253170815110254e-14
45440000000.0	2.6256881636938718e-14
45480000000.0	2.62607286849413e-14
45520000000.0	2.625918289575253e-14
45560000000.0	2.625873860612572e-14
45600000000.0	2.6270704973844506e-14
45640000000.0	2.627258853132789e-14
45680000000.0	2.6277097543947597e-14
45720000000.0	2.628727144449146e-14
45760000000.0	2.6283119480750405e-14
45800000000.0	2.627928364502772e-14
45840000000.0	2.6288907022021518e-14
45880000000.0	2.6286547318115803e-14
45920000000.0	2.6287225366943625e-14
45960000000.0	2.6291620193627906e-14
46000000000.0	2.6293589245673076e-14
46040000000.0	2.6296455401461343e-14
46080000000.0	2.6305051003368592e-14
46120000000.0	2.629663028924628e-14
46160000000.0	2.6297100424768636e-14
46200000000.0	2.630133643483666e-14
46240000000.0	2.630229388759393e-14
46280000000.0	2.6300045127461246e-14
46320000000.0	2.6305511511586196e-14
46360000000.0	2.6300388856327128e-14
46400000000.0	2.629974096345995e-14
46440000000.0	2.6305411694174284e-14
46480000000.0	2.6312102123517607e-14
46520000000.0	2.630952746620176e-14
46560000000.0	2.6309642182380714e-14
46600000000.0	2.631258136214279e-14
46640000000.0	2.6317711840535438e-14
46680000000.0	2.6322895031330253e-14
46720000000.0	2.6324862576011548e-14
46760000000.0	2.6329836776784336e-14
46800000000.0	2.633566691835315e-14
46840000000.0	2.6331811883928936e-14
46880000000.0	2.6331232443915267e-14
46920000000.0	2.6330922635619396e-14
46960000000.0	2.6330059984840354e-14
47000000000.0	2.6332612187077003e-14
47040000000.0	2.6332557396083836e-14
47080000000.0	2.6333147368646153e-14
47120000000.0	2.6333209610390736e-14
47160000000.0	2.633519488160291e-14
47200000000.0	2.6335037152494662e-14
47240000000.0	2.6334480314898892e-14
47280000000.0	2.6333449786033202e-14
47320000000.0	2.633633320694942e-14
47360000000.0	2.6334863351098385e-14
47400000000.0	2.6329966481072816e-14
47440000000.0	2.6330348664169764e-14
47480000000.0	2.6325876902375097e-14
47520000000.0	2.632427862818326e-14
47560000000.0	2.632923826676993e-14
47600000000.0	2.6335015105266337e-14
47640000000.0	2.6328778646177685e-14
47680000000.0	2.633274911544227e-14
47720000000.0	2.6330091758681778e-14
47760000000.0	2.633463540744483e-14
47800000000.0	2.633355696100347e-14
47840000000.0	2.6329941513589468e-14
47880000000.0	2.6325530043460357e-14
47920000000.0	2.632688946006988e-14
47960000000.0	2.6331707775348464e-14
48000000000.0	2.6333524101766408e-14
48040000000.0	2.6334840412254057e-14
48080000000.0	2.6339182365130673e-14
48120000000.0	2.634539835702321e-14
48160000000.0	2.6351611330597715e-14
48200000000.0	2.635453010689012e-14
48240000000.0	2.6361708374307222e-14
48280000000.0	2.6368675519607224e-14
48320000000.0	2.6380862492330183e-14
48360000000.0	2.6384525754685876e-14
48400000000.0	2.6388630565440807e-14
48440000000.0	2.6398128606477437e-14
48480000000.0	2.6407989308671705e-14
48520000000.0	2.6416327723406413e-14
48560000000.0	2.6419223464052918e-14
48600000000.0	2.6420756996418558e-14
48640000000.0	2.6421467843791136e-14
48680000000.0	2.6418587990963565e-14
48720000000.0	2.6423075459873405e-14
48760000000.0	2.6423766334121755e-14
48800000000.0	2.6434321968601296e-14
48840000000.0	2.643594882212429e-14
48880000000.0	2.6441946685678503e-14
48920000000.0	2.6439669300692293e-14
48960000000.0	2.6441050014071372e-14
49000000000.0	2.6444614027772518e-14
49040000000.0	2.6438048192296638e-14
49080000000.0	2.6441299604580137e-14
49120000000.0	2.6443080627114824e-14
49160000000.0	2.6444527534624106e-14
49200000000.0	2.6445852630991668e-14
49240000000.0	2.6443984943921498e-14
49280000000.0	2.644847459978438e-14
49320000000.0	2.6440354825945207e-14
49360000000.0	2.642931390985943e-14
49400000000.0	2.6421822870636962e-14
49440000000.0	2.6416398061313407e-14
49480000000.0	2.6408098115425e-14
49520000000.0	2.640792410896268e-14
49560000000.0	2.6403145423793712e-14
49600000000.0	2.640656919595076e-14
49640000000.0	2.6405157485633204e-14
49680000000.0	2.6407177082625823e-14
49720000000.0	2.6413020178602915e-14
49760000000.0	2.641023527782687e-14
49800000000.0	2.6409091908343006e-14
49840000000.0	2.6410795628947125e-14
49880000000.0	2.6416389488518508e-14
49920000000.0	2.641169723436075e-14
49960000000.0	2.640959307748031e-14
50000000000.0	2.6417225248856608e-14
50040000000.0	2.641838638042197e-14
50080000000.0	2.6420915928867922e-14
50120000000.0	2.642060372225028e-14
50160000000.0	2.6422933982747765e-14
50200000000.0	2.643519310789027e-14
50240000000.0	2.643929570646268e-14
50280000000.0	2.6441615634960875e-14
50320000000.0	2.643685775379577e-14
50360000000.0	2.6441140257951595e-14
50400000000.0	2.6443316866188773e-14
50440000000.0	2.6448083501842632e-14
50480000000.0	2.6453877218763555e-14
50520000000.0	2.6453817502616286e-14
50560000000.0	2.6465044178194366e-14
50600000000.0	2.6467799799060023e-14
50640000000.0	2.6469816168705618e-14
50680000000.0	2.6476210045773006e-14
50720000000.0	2.6482230817844154e-14
50760000000.0	2.6487481477504626e-14
50800000000.0	2.6485123037854683e-14
50840000000.0	2.649537596859704e-14
50880000000.0	2.6497352713262677e-14
50920000000.0	2.6493229492855588e-14
50960000000.0	2.649750483220912e-14
51000000000.0	2.6496713738834028e-14
51040000000.0	2.649378103570065e-14
51080000000.0	2.6495027931159482e-14
51120000000.0	2.64990269571686e-14
51160000000.0	2.6500673348903822e-14
51200000000.0	2.6504502274234172e-14
51240000000.0	2.650995192775782e-14
51280000000.0	2.6517433440264854e-14
51320000000.0	2.6523603801870615e-14
51360000000.0	2.653019976746416e-14
51400000000.0	2.6525921377881994e-14
51440000000.0	2.6530995402834812e-14
51480000000.0	2.652884490920569e-14
51520000000.0	2.6527120008430796e-14
51560000000.0	2.652505775636875e-14
51600000000.0	2.652473981529506e-14
51640000000.0	2.6526042620556848e-14
51680000000.0	2.6527535116233313e-14
51720000000.0	2.653569810279283e-14
51760000000.0	2.6543725902501195e-14
51800000000.0	2.65436147908583e-14
51840000000.0	2.6550570551076692e-14
51880000000.0	2.6552215492985796e-14
51920000000.0	2.656303979500912e-14
51960000000.0	2.6567275840762985e-14
52000000000.0	2.656718367902201e-14
52040000000.0	2.6568683316401492e-14
52080000000.0	2.656968888003716e-14
52120000000.0	2.6572104493901203e-14
52160000000.0	2.6574984870058825e-14
52200000000.0	2.6572116670658456e-14
52240000000.0	2.6572008594873892e-14
52280000000.0	2.6584561849840893e-14
52320000000.0	2.6590743503140404e-14
52360000000.0	2.6595131759217678e-14
52400000000.0	2.659365259627825e-14
52440000000.0	2.660312406460096e-14
52480000000.0	2.6598746146548293e-14
52520000000.0	2.659365098506188e-14
52560000000.0	2.6599711572783598e-14
52600000000.0	2.6603479275945996e-14
52640000000.0	2.6602186953340022e-14
52680000000.0	2.6604647975170803e-14
52720000000.0	2.6605975580061047e-14
52760000000.0	2.6611003020115706e-14
52800000000.0	2.660753315258297e-14
52840000000.0	2.6603776457430538e-14
52880000000.0	2.6597176611618408e-14
52920000000.0	2.6596121381723935e-14
52960000000.0	2.6598628199179697e-14
53000000000.0	2.6593417623984164e-14
53040000000.0	2.659136044763891e-14
53080000000.0	2.6588260982830626e-14
53120000000.0	2.6578394904328017e-14
53160000000.0	2.656874225813794e-14
53200000000.0	2.6565264555032352e-14
53240000000.0	2.6558928308353418e-14
53280000000.0	2.656050626838503e-14
53320000000.0	2.6559706500462113e-14
53360000000.0	2.6565482762077323e-14
53400000000.0	2.656860961935883e-14
53440000000.0	2.6576451646452854e-14
53480000000.0	2.6576711526357257e-14
53520000000.0	2.6579427887892914e-14
53560000000.0	2.6584039588074948e-14
53600000000.0	2.658891695167867e-14
53640000000.0	2.659082947204056e-14
53680000000.0	2.6599419593273805e-14
53720000000.0	2.659377585348131e-14
53760000000.0	2.6596559721794623e-14
53800000000.0	2.659926579908213e-14
53840000000.0	2.659764019685275e-14
53880000000.0	2.659647782138339e-14
53920000000.0	2.6610652677646237e-14
53960000000.0	2.6609096642255718e-14
54000000000.0	2.6619117746611975e-14
54040000000.0	2.6626484748568867e-14
54080000000.0	2.6629291788924668e-14
54120000000.0	2.663732919656615e-14
54160000000.0	2.6634478676089267e-14
54200000000.0	2.6641938852872107e-14
54240000000.0	2.6641689799989037e-14
54280000000.0	2.6644907507087446e-14
54320000000.0	2.665413834886483e-14
54360000000.0	2.6654264889394312e-14
54400000000.0	2.6653493252865505e-14
54440000000.0	2.6661273390846908e-14
54480000000.0	2.66601152774016e-14
54520000000.0	2.6659061507697524e-14
54560000000.0	2.6657803023699604e-14
54600000000.0	2.6654011287179353e-14
54640000000.0	2.6659302404584793e-14
54680000000.0	2.6660978748992516e-14
54720000000.0	2.6661230099566508e-14
54760000000.0	2.6661852835385442e-14
54800000000.0	2.6666439914422497e-14
54840000000.0	2.6670118253853296e-14
54880000000.0	2.6667233041226112e-14
54920000000.0	2.66649584361863e-14
54960000000.0	2.666878910376207e-14
55000000000.0	2.667336182954973e-14
55040000000.0	2.667343119985697e-14
55080000000.0	2.6684189884438147e-14
55120000000.0	2.6685749296160866e-14
55160000000.0	2.6684318898166922e-14
55200000000.0	2.6689512275851252e-14
55240000000.0	2.6687067778893615e-14
55280000000.0	2.669106957375442e-14
55320000000.0	2.6692894431016973e-14
55360000000.0	2.669321960769973e-14
55400000000.0	2.6698633817068308e-14
55440000000.0	2.670296205308139e-14
55480000000.0	2.670007764105181e-14
55520000000.0	2.6705236058940598e-14
55560000000.0	2.6713729328078467e-14
55600000000.0	2.6713220022895787e-14
55640000000.0	2.6717361874402483e-14
55680000000.0	2.6724797975076614e-14
55720000000.0	2.672067130919129e-14
55760000000.0	2.6735852390632003e-14
55800000000.0	2.6736522003426827e-14
55840000000.0	2.674705204491848e-14
55880000000.0	2.6747850745953346e-14
55920000000.0	2.6745977315216888e-14
55960000000.0	2.6752012609074658e-14
56000000000.0	2.675513261369892e-14
56040000000.0	2.6759542059253215e-14
56080000000.0	2.6765708611389172e-14
56120000000.0	2.6772486737729847e-14
56160000000.0	2.6775119284705185e-14
56200000000.0	2.678255073258125e-14
56240000000.0	2.6778651998644406e-14
56280000000.0	2.6780955078228662e-14
56320000000.0	2.6791516310917614e-14
56360000000.0	2.6789252272302432e-14
56400000000.0	2.6791303347900992e-14
56440000000.0	2.6794764820034217e-14
56480000000.0	2.6800316551381196e-14
56520000000.0	2.6800591729986566e-14
56560000000.0	2.680205847016255e-14
56600000000.0	2.679817109952567e-14
56640000000.0	2.6795455033573934e-14
56680000000.0	2.679886391280267e-14
56720000000.0	2.680428867282877e-14
56760000000.0	2.6804934340100307e-14
56800000000.0	2.6809238155820334e-14
56840000000.0	2.6813853383585378e-14
56880000000.0	2.6803394844670228e-14
56920000000.0	2.680137875178849e-14
56960000000.0	2.6802384237440506e-14
57000000000.0	2.680419722275997e-14
57040000000.0	2.6807647593460443e-14
57080000000.0	2.681668775445721e-14
57120000000.0	2.6820826004227142e-14
57160000000.0	2.6826268257541582e-14
57200000000.0	2.6825152070513417e-14
57240000000.0	2.6826124568818463e-14
57280000000.0	2.6826749312710457e-14
57320000000.0	2.6826237499460772e-14
57360000000.0	2.6822269129033872e-14
57400000000.0	2.683133331058471e-14
57440000000.0	2.683736161858999e-14
57480000000.0	2.684391761079612e-14
57520000000.0	2.6847871128236136e-14
57560000000.0	2.68432762291383e-14
57600000000.0	2.6847979154203145e-14
57640000000.0	2.6845862376796954e-14
57680000000.0	2.68524870222839e-14
57720000000.0	2.685775898338815e-14
57760000000.0	2.6866835798830304e-14
57800000000.0	2.6869770809323535e-14
57840000000.0	2.687422101110829e-14
57880000000.0	2.6880307641904985e-14
57920000000.0	2.6883957178284088e-14
57960000000.0	2.6887044221820948e-14
58000000000.0	2.6890409765746468e-14
58040000000.0	2.689408168073381e-14
58080000000.0	2.6898756198216588e-14
58120000000.0	2.6896671940441933e-14
58160000000.0	2.6902861851776702e-14
58200000000.0	2.6908767299246124e-14
58240000000.0	2.6910167702935424e-14
58280000000.0	2.6908766248428865e-14
58320000000.0	2.6910698457314338e-14
58360000000.0	2.691725464769316e-14
58400000000.0	2.692340827141344e-14
58440000000.0	2.6931627485872687e-14
58480000000.0	2.6929279967050797e-14
58520000000.0	2.692998670722502e-14
58560000000.0	2.6932762554280686e-14
58600000000.0	2.692501667975687e-14
58640000000.0	2.6922770235315858e-14
58680000000.0	2.693152674582373e-14
58720000000.0	2.693756961715966e-14
58760000000.0	2.6939989034941198e-14
58800000000.0	2.693589129439462e-14
58840000000.0	2.694016567856693e-14
58880000000.0	2.6932454980533256e-14
58920000000.0	2.692846975931914e-14
58960000000.0	2.692540762004137e-14
59000000000.0	2.6929524552296857e-14
59040000000.0	2.6924708810220092e-14
59080000000.0	2.692854670557414e-14
59120000000.0	2.6931082257906258e-14
59160000000.0	2.6940102540729258e-14
59200000000.0	2.69347194496505e-14
59240000000.0	2.693307855219968e-14
59280000000.0	2.692891391983536e-14
59320000000.0	2.6932205466026142e-14
59360000000.0	2.6936970321926956e-14
59400000000.0	2.6940359033578923e-14
59440000000.0	2.694608517080257e-14
59480000000.0	2.6949775171884105e-14
59520000000.0	2.6957166176519588e-14
59560000000.0	2.6965156141007046e-14
59600000000.0	2.6966107583777575e-14
59640000000.0	2.6968285630848472e-14
59680000000.0	2.6976903002766492e-14
59720000000.0	2.6979362205513396e-14
59760000000.0	2.6978621973488784e-14
59800000000.0	2.697525005102835e-14
59840000000.0	2.697844934597842e-14
59880000000.0	2.697551278063324e-14
59920000000.0	2.698132754968109e-14
59960000000.0	2.6980614294675895e-14
60000000000.0	2.6974983525822898e-14
60040000000.0	2.69735332852466e-14
60080000000.0	2.6978368066083733e-14
60120000000.0	2.6977194518821817e-14
60160000000.0	2.698657627779877e-14
60200000000.0	2.6991440054257092e-14
60240000000.0	2.6990834384693276e-14
60280000000.0	2.6993667206486102e-14
60320000000.0	2.6988786475133433e-14
60360000000.0	2.6980779715468137e-14
60400000000.0	2.697988178625015e-14
60440000000.0	2.6983673268112627e-14
60480000000.0	2.6971486136932844e-14
60520000000.0	2.696224860316978e-14
60560000000.0	2.6958561084566274e-14
60600000000.0	2.6956717304841303e-14
60640000000.0	2.695025595208652e-14
60680000000.0	2.694999955878751e-14
60720000000.0	2.6964126366042957e-14
60760000000.0	2.6962942548560993e-14
60800000000.0	2.6954858099043895e-14
60840000000.0	2.696550507125695e-14
60880000000.0	2.6970267435132694e-14
60920000000.0	2.6969763599620876e-14
60960000000.0	2.6962130233947642e-14
61000000000.0	2.6965791794825774e-14
61040000000.0	2.6969323180543537e-14
61080000000.0	2.697560148896301e-14
61120000000.0	2.6979707185957088e-14
61160000000.0	2.6985607420826852e-14
61200000000.0	2.699131346011748e-14
61240000000.0	2.7000735086905012e-14
61280000000.0	2.7002539223478967e-14
61320000000.0	2.700805566203961e-14
61360000000.0	2.701418128590873e-14
61400000000.0	2.702466399307492e-14
61440000000.0	2.703072009672907e-14
61480000000.0	2.70244893251153e-14
61520000000.0	2.7017973457616517e-14
61560000000.0	2.7025488511925274e-14
61600000000.0	2.703619479505721e-14
61640000000.0	2.7042297119739184e-14
61680000000.0	2.7048152875652487e-14
61720000000.0	2.7049148281328954e-14
61760000000.0	2.7049450504631077e-14
61800000000.0	2.7055080320994775e-14
61840000000.0	2.7050769396283903e-14
61880000000.0	2.7045094651648603e-14
61920000000.0	2.705846116570009e-14
61960000000.0	2.70464034032531e-14
62000000000.0	2.703846847117773e-14
62040000000.0	2.702859437786934e-14
62080000000.0	2.702016625234137e-14
62120000000.0	2.7013784140582284e-14
62160000000.0	2.701393602766871e-14
62200000000.0	2.7020762114045526e-14
62240000000.0	2.7014513479304112e-14
62280000000.0	2.7018384510306823e-14
62320000000.0	2.702153669771314e-14
62360000000.0	2.7029520943221734e-14
62400000000.0	2.7032081673461615e-14
62440000000.0	2.7041450350722455e-14
62480000000.0	2.7051000246022466e-14
62520000000.0	2.70419645210674e-14
62560000000.0	2.7049634161955276e-14
62600000000.0	2.706497913870941e-14
62640000000.0	2.7063465560507592e-14
62680000000.0	2.7058548620481833e-14
62720000000.0	2.7060800431969912e-14
62760000000.0	2.7066063681066657e-14
62800000000.0	2.7063497284530777e-14
62840000000.0	2.7072544890167418e-14
62880000000.0	2.7077064187755296e-14
62920000000.0	2.7087684222956722e-14
62960000000.0	2.7091200061731104e-14
63000000000.0	2.7095007904197092e-14
63040000000.0	2.710637615564504e-14
63080000000.0	2.712028384508496e-14
63120000000.0	2.7123642409087513e-14
63160000000.0	2.7129525207467162e-14
63200000000.0	2.7128179706061752e-14
63240000000.0	2.712748280094243e-14
63280000000.0	2.7136214939546454e-14
63320000000.0	2.7151205618990476e-14
63360000000.0	2.7152487447994888e-14
63400000000.0	2.715094005616955e-14
63440000000.0	2.714646483096807e-14
63480000000.0	2.7151329323697464e-14
63520000000.0	2.7147186591869373e-14
63560000000.0	2.7142705615675134e-14
63600000000.0	2.7139212762286145e-14
63640000000.0	2.7152659659999707e-14
63680000000.0	2.7169836265515047e-14
63720000000.0	2.716888158980622e-14
63760000000.0	2.7172838039333898e-14
63800000000.0	2.7178213158200804e-14
63840000000.0	2.7184397140601807e-14
63880000000.0	2.7194143139113176e-14
63920000000.0	2.720448841500487e-14
63960000000.0	2.7209974847087016e-14
64000000000.0	2.720927626694594e-14
64040000000.0	2.7211597020612378e-14
64080000000.0	2.7218598724549534e-14
64120000000.0	2.7233380876537394e-14
64160000000.0	2.7233428248756794e-14
64200000000.0	2.724127388566814e-14
64240000000.0	2.7244517475668116e-14
64280000000.0	2.7244813938342588e-14
64320000000.0	2.7249937848922663e-14
64360000000.0	2.7257323128079694e-14
64400000000.0	2.7251239697439618e-14
64440000000.0	2.7250625777198368e-14
64480000000.0	2.7254697864435702e-14
64520000000.0	2.7257024050036915e-14
64560000000.0	2.726245706972787e-14
64600000000.0	2.7262430092594313e-14
64640000000.0	2.7253122162635234e-14
64680000000.0	2.7257341926601044e-14
64720000000.0	2.7249928695498836e-14
64760000000.0	2.7247812264606067e-14
64800000000.0	2.725899737378479e-14
64840000000.0	2.7258114489261527e-14
64880000000.0	2.725828572463727e-14
64920000000.0	2.7258158564591324e-14
64960000000.0	2.724651562754577e-14
65000000000.0	2.7248120899735723e-14
65040000000.0	2.7246967387204456e-14
65080000000.0	2.7241682654302518e-14
65120000000.0	2.7235068194532888e-14
65160000000.0	2.723519959821518e-14
65200000000.0	2.723451686899427e-14
65240000000.0	2.7246910998248986e-14
65280000000.0	2.7242780838436118e-14
65320000000.0	2.724157677820792e-14
65360000000.0	2.7244994205697443e-14
65400000000.0	2.7252624911612334e-14
65440000000.0	2.725952504626045e-14
65480000000.0	2.7248515394685608e-14
65520000000.0	2.7244225916704633e-14
65560000000.0	2.7253512694764856e-14
65600000000.0	2.7253952229577963e-14
65640000000.0	2.725551320358147e-14
65680000000.0	2.725098866830479e-14
65720000000.0	2.7253052236159623e-14
65760000000.0	2.726336629121312e-14
65800000000.0	2.727294047687076e-14
65840000000.0	2.7287319518525278e-14
65880000000.0	2.7288350768519045e-14
65920000000.0	2.7293562660735138e-14
65960000000.0	2.729724684895979e-14
66000000000.0	2.7298223457265634e-14
66040000000.0	2.730295857489125e-14
66080000000.0	2.730697668187449e-14
66120000000.0	2.7317944546780636e-14
66160000000.0	2.7318391723086623e-14
66200000000.0	2.7330292274249185e-14
66240000000.0	2.7332337787910095e-14
66280000000.0	2.7335883390248713e-14
66320000000.0	2.7333685519538445e-14
66360000000.0	2.7328306157302314e-14
66400000000.0	2.7342697213747817e-14
66440000000.0	2.735842634228501e-14
66480000000.0	2.7359471315798215e-14
66520000000.0	2.7361103021021023e-14
66560000000.0	2.736378821837299e-14
66600000000.0	2.7361160533153866e-14
66640000000.0	2.736194469940563e-14
66680000000.0	2.7353791485059855e-14
66720000000.0	2.7361458551135572e-14
66760000000.0	2.735980198920013e-14
66800000000.0	2.7358851123671966e-14
66840000000.0	2.7363385184422754e-14
66880000000.0	2.7363462238556537e-14
66920000000.0	2.7370605698745688e-14
66960000000.0	2.7379526762537512e-14
67000000000.0	2.73939051042796e-14
67040000000.0	2.7388836929651885e-14
67080000000.0	2.7385626249114343e-14
67120000000.0	2.739163025611472e-14
67160000000.0	2.739828336441802e-14
67200000000.0	2.7400420802144886e-14
67240000000.0	2.7398151436751042e-14
67280000000.0	2.740403055175352e-14
67320000000.0	2.7406701603438904e-14
67360000000.0	2.740189292679235e-14
67400000000.0	2.7406229174630698e-14
67440000000.0	2.7401939691037394e-14
67480000000.0	2.7401448958556037e-14
67520000000.0	2.7400489071865628e-14
67560000000.0	2.7404851522236682e-14
67600000000.0	2.740622141494717e-14
67640000000.0	2.7407089073547973e-14
67680000000.0	2.7416204665045924e-14
67720000000.0	2.7405243303603597e-14
67760000000.0	2.7397469912434644e-14
67800000000.0	2.7398386100631927e-14
67840000000.0	2.7394993516552997e-14
67880000000.0	2.7403225126480595e-14
67920000000.0	2.740203772245213e-14
67960000000.0	2.7406567679879257e-14
68000000000.0	2.7406619463698628e-14
68040000000.0	2.7406312647357615e-14
68080000000.0	2.740077502326556e-14
68120000000.0	2.7406639144283987e-14
68160000000.0	2.7414464097662316e-14
68200000000.0	2.7425032564752582e-14
68240000000.0	2.741620458504186e-14
68280000000.0	2.7418743869459345e-14
68320000000.0	2.7419290096169847e-14
68360000000.0	2.7423606954444118e-14
68400000000.0	2.7429050024819265e-14
68440000000.0	2.743330050326683e-14
68480000000.0	2.7442051750211767e-14
68520000000.0	2.744308910672034e-14
68560000000.0	2.7452669193435874e-14
68600000000.0	2.746344427193207e-14
68640000000.0	2.7469797348790565e-14
68680000000.0	2.7481682099533203e-14
68720000000.0	2.749199804464778e-14
68760000000.0	2.7500479934425027e-14
68800000000.0	2.7501852380896364e-14
68840000000.0	2.7502251378039534e-14
68880000000.0	2.7523194916428475e-14
68920000000.0	2.7532199497402917e-14
68960000000.0	2.753310186640052e-14
69000000000.0	2.7536640873903226e-14
69040000000.0	2.7543968525283305e-14
69080000000.0	2.7551956228245248e-14
69120000000.0	2.7556111829996626e-14
69160000000.0	2.755724067594436e-14
69200000000.0	2.7556386477864107e-14
69240000000.0	2.756770675117912e-14
69280000000.0	2.7576341163570738e-14
69320000000.0	2.7583449345904802e-14
69360000000.0	2.758073982749154e-14
69400000000.0	2.7573702159775738e-14
69440000000.0	2.7570890852100978e-14
69480000000.0	2.7564647168148947e-14
69520000000.0	2.7563189301185527e-14
69560000000.0	2.7570774156862715e-14
69600000000.0	2.757822950844152e-14
69640000000.0	2.758329876258006e-14
69680000000.0	2.7585276057122028e-14
69720000000.0	2.759462154163265e-14
69760000000.0	2.7589570355546155e-14
69800000000.0	2.7587376967672844e-14
69840000000.0	2.7589627594067302e-14
69880000000.0	2.758985275860911e-14
69920000000.0	2.7590739389798437e-14
69960000000.0	2.7599080307310294e-14
70000000000.0	2.758543088400416e-14
70040000000.0	2.7591191006741718e-14
70080000000.0	2.758352236078473e-14
70120000000.0	2.7583260696773743e-14
70160000000.0	2.7582054951392963e-14
70200000000.0	2.7580519422367743e-14
70240000000.0	2.7576644012894445e-14
70280000000.0	2.758300411635237e-14
70320000000.0	2.758137073336734e-14
70360000000.0	2.7584039829910718e-14
70400000000.0	2.7586009642474333e-14
70440000000.0	2.7593427833804893e-14
70480000000.0	2.7600988696195648e-14
70520000000.0	2.7605876957118313e-14
70560000000.0	2.762211299315933e-14
70600000000.0	2.7630627420835526e-14
70640000000.0	2.764287073521235e-14
70680000000.0	2.7639522606140244e-14
70720000000.0	2.7648182585822264e-14
70760000000.0	2.766159212765029e-14
70800000000.0	2.7672812369735095e-14
70840000000.0	2.7670414368455502e-14
70880000000.0	2.7667724132937344e-14
70920000000.0	2.7671743367627817e-14
70960000000.0	2.7672764331060617e-14
71000000000.0	2.7683027576211047e-14
71040000000.0	2.7680051960762562e-14
71080000000.0	2.7681940789982463e-14
71120000000.0	2.7691708492516914e-14
71160000000.0	2.7694779865132914e-14
71200000000.0	2.771247376224979e-14
71240000000.0	2.771084555452383e-14
71280000000.0	2.7713990281817703e-14
71320000000.0	2.7725235019695763e-14
71360000000.0	2.772511832878369e-14
71400000000.0	2.7729210165170134e-14
71440000000.0	2.7729854374601617e-14
71480000000.0	2.7732217412497567e-14
71520000000.0	2.7732663651588792e-14
71560000000.0	2.7737789745997896e-14
71600000000.0	2.7745074772010264e-14
71640000000.0	2.7746473454944407e-14
71680000000.0	2.7754869484881133e-14
71720000000.0	2.776015235042221e-14
71760000000.0	2.7757806029140876e-14
71800000000.0	2.7754727040303146e-14
71840000000.0	2.77448047288659e-14
71880000000.0	2.7741137757180678e-14
71920000000.0	2.7737408905566057e-14
71960000000.0	2.7739321163415294e-14
72000000000.0	2.774032547277359e-14
72040000000.0	2.7745511012107076e-14
72080000000.0	2.774344421072322e-14
72120000000.0	2.7748576051923588e-14
72160000000.0	2.7757937540834538e-14
72200000000.0	2.7765926503387785e-14
72240000000.0	2.7771268869367644e-14
72280000000.0	2.7784154241668977e-14
72320000000.0	2.7795229369902157e-14
72360000000.0	2.7788292194934584e-14
72400000000.0	2.7792716070916066e-14
72440000000.0	2.779706456319349e-14
72480000000.0	2.7801998206902005e-14
72520000000.0	2.7802222535233825e-14
72560000000.0	2.780648906337676e-14
72600000000.0	2.7812071140518944e-14
72640000000.0	2.7817205952227814e-14
72680000000.0	2.7821862189669328e-14
72720000000.0	2.7839833558001162e-14
72760000000.0	2.7845955140666315e-14
72800000000.0	2.7842951169399136e-14
72840000000.0	2.7850691926442508e-14
72880000000.0	2.78547150329313e-14
72920000000.0	2.785756050197793e-14
72960000000.0	2.7866391971772198e-14
73000000000.0	2.7863443612310858e-14
73040000000.0	2.7871557573569537e-14
73080000000.0	2.787413449639764e-14
73120000000.0	2.7881284699183572e-14
73160000000.0	2.7884233226107988e-14
73200000000.0	2.7893321238726324e-14
73240000000.0	2.7904175695784393e-14
73280000000.0	2.791276209045522e-14
73320000000.0	2.7912700569826245e-14
73360000000.0	2.7918958679590437e-14
73400000000.0	2.7911362920235862e-14
73440000000.0	2.790922172512428e-14
73480000000.0	2.7897448992147806e-14
73520000000.0	2.7889070806151495e-14
73560000000.0	2.7878696840955495e-14
73600000000.0	2.7872239476497135e-14
73640000000.0	2.7876024731646174e-14
73680000000.0	2.788159627015381e-14
73720000000.0	2.788312981272817e-14
73760000000.0	2.7876869270880347e-14
73800000000.0	2.7883479982960508e-14
73840000000.0	2.7878042611416107e-14
73880000000.0	2.7883179825602142e-14
73920000000.0	2.7887316357586946e-14
73960000000.0	2.7888107808950196e-14
74000000000.0	2.7885336224452945e-14
74040000000.0	2.789119303016466e-14
74080000000.0	2.788955188593557e-14
74120000000.0	2.7883093165948673e-14
74160000000.0	2.7891785350876422e-14
74200000000.0	2.788556402207232e-14
74240000000.0	2.7881295441813768e-14
74280000000.0	2.789370122448328e-14
74320000000.0	2.790318441938391e-14
74360000000.0	2.7900590620284704e-14
74400000000.0	2.7893709880199547e-14
74440000000.0	2.7894855762734758e-14
74480000000.0	2.7899886454685045e-14
74520000000.0	2.78893215248702e-14
74560000000.0	2.7893302791205624e-14
74600000000.0	2.789799044371418e-14
74640000000.0	2.7903372132948074e-14
74680000000.0	2.7907777592532198e-14
74720000000.0	2.7920532178555903e-14
74760000000.0	2.7922836618002528e-14
74800000000.0	2.7927510212452662e-14
74840000000.0	2.7938318622350097e-14
74880000000.0	2.7957058992702766e-14
74920000000.0	2.796032711801135e-14
74960000000.0	2.796853057151284e-14
75000000000.0	2.7964206970497626e-14
75040000000.0	2.7965101599791726e-14
75080000000.0	2.7966406146225753e-14
75120000000.0	2.7967297304670306e-14
75160000000.0	2.797243093186139e-14
75200000000.0	2.797549215539213e-14
75240000000.0	2.7976769968737104e-14
75280000000.0	2.7988468379908613e-14
75320000000.0	2.8004594851480684e-14
75360000000.0	2.8012875714367932e-14
75400000000.0	2.8025611587350183e-14
75440000000.0	2.8030785570551913e-14
75480000000.0	2.803545530303131e-14
75520000000.0	2.8037926352271975e-14
75560000000.0	2.8051186269408847e-14
75600000000.0	2.805066187319704e-14
75640000000.0	2.806516587090704e-14
75680000000.0	2.8072251253996256e-14
75720000000.0	2.8083791859971864e-14
75760000000.0	2.8084619824911274e-14
75800000000.0	2.8089220102443473e-14
75840000000.0	2.8097528887737096e-14
75880000000.0	2.810765359048717e-14
75920000000.0	2.8111951530118686e-14
75960000000.0	2.8112368736800878e-14
76000000000.0	2.81199235477878e-14
76040000000.0	2.8121903933484185e-14
76080000000.0	2.812318133089702e-14
76120000000.0	2.81172324202404e-14
76160000000.0	2.811456865883363e-14
76200000000.0	2.8113904291977266e-14
76240000000.0	2.8121341456708758e-14
76280000000.0	2.812280820128614e-14
76320000000.0	2.812584804648221e-14
76360000000.0	2.8123927514731558e-14
76400000000.0	2.8123569085521517e-14
76440000000.0	2.811982026336436e-14
76480000000.0	2.812630388374366e-14
76520000000.0	2.8117319813267486e-14
76560000000.0	2.8123813396372807e-14
76600000000.0	2.812435536016542e-14
76640000000.0	2.8127298399797344e-14
76680000000.0	2.8115797520423997e-14
76720000000.0	2.811483900585465e-14
76760000000.0	2.8117772814151115e-14
76800000000.0	2.812171230392572e-14
76840000000.0	2.8127024339598755e-14
76880000000.0	2.8127603545464548e-14
76920000000.0	2.8133445312578937e-14
76960000000.0	2.8131034787434095e-14
77000000000.0	2.813694628205535e-14
77040000000.0	2.8154784984268907e-14
77080000000.0	2.8155306853081068e-14
77120000000.0	2.815727026410378e-14
77160000000.0	2.8165760089023932e-14
77200000000.0	2.8171085462656554e-14
77240000000.0	2.8175279805156478e-14
77280000000.0	2.8174068358582456e-14
77320000000.0	2.818744136044767e-14
77360000000.0	2.819864867933382e-14
77400000000.0	2.820914633255912e-14
77440000000.0	2.8218759215033043e-14
77480000000.0	2.8230792354581863e-14
77520000000.0	2.823887986949234e-14
77560000000.0	2.8248878310202095e-14
77600000000.0	2.8263578811913636e-14
77640000000.0	2.8263787106988942e-14
77680000000.0	2.8259365528652562e-14
77720000000.0	2.8265173671449988e-14
77760000000.0	2.8264339313630764e-14
77800000000.0	2.826138430359448e-14
77840000000.0	2.8273648831309863e-14
77880000000.0	2.8274890082184554e-14
77920000000.0	2.8273581677301138e-14
77960000000.0	2.8279346107654603e-14
78000000000.0	2.8281134490354776e-14
78040000000.0	2.827966117992453e-14
78080000000.0	2.8278351005111046e-14
78120000000.0	2.8274447256763802e-14
78160000000.0	2.8274831161119482e-14
78200000000.0	2.8273593638101343e-14
78240000000.0	2.8276477454604962e-14
78280000000.0	2.8283873354238473e-14
78320000000.0	2.8288714435667506e-14
78360000000.0	2.8290422983334428e-14
78400000000.0	2.829697706391155e-14
78440000000.0	2.8292031414679034e-14
78480000000.0	2.8304641870840884e-14
78520000000.0	2.8297169380337457e-14
78560000000.0	2.8292882097712417e-14
78600000000.0	2.8293366319649618e-14
78640000000.0	2.829345557804231e-14
78680000000.0	2.8300830639746415e-14
78720000000.0	2.830354826611541e-14
78760000000.0	2.8307736396920027e-14
78800000000.0	2.831487446692128e-14
78840000000.0	2.8306246553984287e-14
78880000000.0	2.8313664493696015e-14
78920000000.0	2.8313604925844433e-14
78960000000.0	2.8320470867449857e-14
79000000000.0	2.8331948132638322e-14
79040000000.0	2.8342410978772946e-14
79080000000.0	2.8355311947111707e-14
79120000000.0	2.8366953021450904e-14
79160000000.0	2.8366917705410045e-14
79200000000.0	2.837434781877787e-14
79240000000.0	2.8381331057739464e-14
79280000000.0	2.838776768388427e-14
79320000000.0	2.8383053773785332e-14
79360000000.0	2.8386943801301072e-14
79400000000.0	2.838935508492372e-14
79440000000.0	2.8398534578331016e-14
79480000000.0	2.840799955265348e-14
79520000000.0	2.8416433848513875e-14
79560000000.0	2.842107739805695e-14
79600000000.0	2.8432287260642695e-14
79640000000.0	2.843397946532634e-14
79680000000.0	2.842904149552048e-14
79720000000.0	2.843330641534879e-14
79760000000.0	2.8429896172460744e-14
79800000000.0	2.8432985989829586e-14
79840000000.0	2.843638451170716e-14
79880000000.0	2.843549585488004e-14
79920000000.0	2.843925035267308e-14
79960000000.0	2.8445091917270145e-14
80000000000.0	2.845264707919691e-14
80040000000.0	2.845145798734542e-14
80080000000.0	2.844188400648783e-14
80120000000.0	2.844579412333518e-14
80160000000.0	2.844391174771143e-14
80200000000.0	2.843798685197525e-14
80240000000.0	2.84385002834574e-14
80280000000.0	2.8427982137493983e-14
80320000000.0	2.842648073521771e-14
80360000000.0	2.8427191949369556e-14
80400000000.0	2.8432143747960346e-14
80440000000.0	2.843285439300776e-14
80480000000.0	2.8430135841461613e-14
80520000000.0	2.843597637079672e-14
80560000000.0	2.8436833167525946e-14
80600000000.0	2.843626990972011e-14
80640000000.0	2.8438622014332825e-14
80680000000.0	2.84454651443962e-14
80720000000.0	2.845140232006063e-14
80760000000.0	2.8452550849168144e-14
80800000000.0	2.84614352919872e-14
80840000000.0	2.846398076289314e-14
80880000000.0	2.846824755303682e-14
80920000000.0	2.8467704739767025e-14
80960000000.0	2.8481561832789425e-14
81000000000.0	2.8497430571300875e-14
81040000000.0	2.8505991520809894e-14
81080000000.0	2.851240377721753e-14
81120000000.0	2.8521102131805946e-14
81160000000.0	2.853493820760175e-14
81200000000.0	2.8545333857692474e-14
81240000000.0	2.85501666667511e-14
81280000000.0	2.8547577622003365e-14
81320000000.0	2.8555124217420467e-14
81360000000.0	2.8557249018669457e-14
81400000000.0	2.856093497260755e-14
81440000000.0	2.85615273045402e-14
81480000000.0	2.857402243856126e-14
81520000000.0	2.857880603529487e-14
81560000000.0	2.8588371873711104e-14
81600000000.0	2.859702424586957e-14
81640000000.0	2.859753853266433e-14
81680000000.0	2.860361080662582e-14
81720000000.0	2.861052653558045e-14
81760000000.0	2.8608589176600334e-14
81800000000.0	2.860627282132301e-14
81840000000.0	2.8613824596829956e-14
81880000000.0	2.862226466185059e-14
81920000000.0	2.861918823719026e-14
81960000000.0	2.861792756692019e-14
82000000000.0	2.86222963428165e-14
82040000000.0	2.862494984624589e-14
82080000000.0	2.862924063091229e-14
82120000000.0	2.863745681277322e-14
82160000000.0	2.865236173102516e-14
82200000000.0	2.865450103030973e-14
82240000000.0	2.865731333534727e-14
82280000000.0	2.8654407003913966e-14
82320000000.0	2.865209509703521e-14
82360000000.0	2.865711935327755e-14
82400000000.0	2.86593715555395e-14
82440000000.0	2.8671287431389736e-14
82480000000.0	2.867871974539295e-14
82520000000.0	2.8683935254544515e-14
82560000000.0	2.869387851901927e-14
82600000000.0	2.868550674585697e-14
82640000000.0	2.869542612708797e-14
82680000000.0	2.8703656463588605e-14
82720000000.0	2.8709555836709626e-14
82760000000.0	2.8712935234162006e-14
82800000000.0	2.870867815191848e-14
82840000000.0	2.869969813349921e-14
82880000000.0	2.8698867741385176e-14
82920000000.0	2.8693954415679996e-14
82960000000.0	2.8693815919565296e-14
83000000000.0	2.869134444221787e-14
83040000000.0	2.8682751397379335e-14
83080000000.0	2.8684883263298983e-14
83120000000.0	2.867740776536146e-14
83160000000.0	2.867884587578029e-14
83200000000.0	2.8680748497880796e-14
83240000000.0	2.868603323692032e-14
83280000000.0	2.8687912926524396e-14
83320000000.0	2.869164335364429e-14
83360000000.0	2.869494094790941e-14
83400000000.0	2.870231256071458e-14
83440000000.0	2.87077353857044e-14
83480000000.0	2.8712956009304074e-14
83520000000.0	2.871618274795403e-14
83560000000.0	2.872409220422074e-14
83600000000.0	2.872848408349959e-14
83640000000.0	2.8741402723890964e-14
83680000000.0	2.8747699179876747e-14
83720000000.0	2.8755190964154485e-14
83760000000.0	2.876687665149627e-14
83800000000.0	2.8777086971082693e-14
83840000000.0	2.8786096666582295e-14
83880000000.0	2.8789241864245236e-14
83920000000.0	2.879551016659287e-14
83960000000.0	2.879427915302233e-14
84000000000.0	2.8795147475350666e-14
84040000000.0	2.880533055530692e-14
84080000000.0	2.881444949688968e-14
84120000000.0	2.882234428734145e-14
84160000000.0	2.8834813950794144e-14
84200000000.0	2.885055119736401e-14
84240000000.0	2.8850535956513774e-14
84280000000.0	2.8857668161763104e-14
84320000000.0	2.8864988796110506e-14
84360000000.0	2.886386917528037e-14
84400000000.0	2.8878618268393384e-14
84440000000.0	2.8883784684684173e-14
84480000000.0	2.888211006669989e-14
84520000000.0	2.887774270981721e-14
84560000000.0	2.8873285031053134e-14
84600000000.0	2.886994128777733e-14
84640000000.0	2.887764944126995e-14
84680000000.0	2.8873845500238545e-14
84720000000.0	2.8880291334794875e-14
84760000000.0	2.8880753602628764e-14
84800000000.0	2.888068717199499e-14
84840000000.0	2.888810714640717e-14
84880000000.0	2.889055413494466e-14
84920000000.0	2.8901773612827937e-14
84960000000.0	2.8915315041905234e-14
85000000000.0	2.8921550449052005e-14
85040000000.0	2.8932506106801656e-14
85080000000.0	2.8940167827777215e-14
85120000000.0	2.895105312357886e-14
85160000000.0	2.895667637814762e-14
85200000000.0	2.8960656771677595e-14
85240000000.0	2.896240135061999e-14
85280000000.0	2.8971288124674963e-14
85320000000.0	2.8974841129909463e-14
85360000000.0	2.8986984223670256e-14
85400000000.0	2.8997225602824454e-14
85440000000.0	2.8986965615005543e-14
85480000000.0	2.89881839043632e-14
85520000000.0	2.89940572539417e-14
85560000000.0	2.8994737027461104e-14
85600000000.0	2.898895381123843e-14
85640000000.0	2.8986223419266895e-14
85680000000.0	2.8987911647551426e-14
85720000000.0	2.899720203139821e-14
85760000000.0	2.899922699932969e-14
85800000000.0	2.9010542258947225e-14
85840000000.0	2.900854478058566e-14
85880000000.0	2.901111583608058e-14
85920000000.0	2.9014937050686177e-14
85960000000.0	2.901399192388608e-14
86000000000.0	2.9014160373828526e-14
86040000000.0	2.9026577894190984e-14
86080000000.0	2.9026152341626195e-14
86120000000.0	2.90293764161121e-14
86160000000.0	2.903402515301351e-14
86200000000.0	2.903831888371384e-14
86240000000.0	2.903256568105335e-14
86280000000.0	2.90388238697931e-14
86320000000.0	2.9042478762802126e-14
86360000000.0	2.9045947830773884e-14
86400000000.0	2.90501222055227e-14
86440000000.0	2.9057680742075855e-14
86480000000.0	2.9060904646044005e-14
86520000000.0	2.907361272377625e-14
86560000000.0	2.9081475009924647e-14
86600000000.0	2.908869444825897e-14
86640000000.0	2.909581868970462e-14
86680000000.0	2.9106024222210894e-14
86720000000.0	2.911725149949495e-14
86760000000.0	2.9117223725449465e-14
86800000000.0	2.912685687381806e-14
86840000000.0	2.9136042416800196e-14
86880000000.0	2.914230150536178e-14
86920000000.0	2.914049299864031e-14
86960000000.0	2.9149072164417915e-14
87000000000.0	2.915530948413678e-14
87040000000.0	2.9173189854537965e-14
87080000000.0	2.9178982066845525e-14
87120000000.0	2.918009842495167e-14
87160000000.0	2.918196077176181e-14
87200000000.0	2.91738422374088e-14
87240000000.0	2.917817021281325e-14
87280000000.0	2.917658813471493e-14
87320000000.0	2.91677932852545e-14
87360000000.0	2.915997986656276e-14
87400000000.0	2.916125473838869e-14
87440000000.0	2.916769288418857e-14
87480000000.0	2.916798089622397e-14
87520000000.0	2.91695326747839e-14
87560000000.0	2.917147135146155e-14
87600000000.0	2.9164082267907263e-14
87640000000.0	2.9169266053383994e-14
87680000000.0	2.917392851674493e-14
87720000000.0	2.9181549218342626e-14
87760000000.0	2.9190125338673463e-14
87800000000.0	2.9196455901210215e-14
87840000000.0	2.919933971223986e-14
87880000000.0	2.919442905355388e-14
87920000000.0	2.9191761276544245e-14
87960000000.0	2.920132816463361e-14
88000000000.0	2.9198394912153816e-14
88040000000.0	2.9205447769270373e-14
88080000000.0	2.920083424535836e-14
88120000000.0	2.920838674974241e-14
88160000000.0	2.921992101335903e-14
88200000000.0	2.922940607017111e-14
88240000000.0	2.92315608638214e-14
88280000000.0	2.9240620615966493e-14
88320000000.0	2.924349352045428e-14
88360000000.0	2.925273978957032e-14
88400000000.0	2.9258992382367234e-14
88440000000.0	2.927693294200059e-14
88480000000.0	2.9287061155747736e-14
88520000000.0	2.9297547724819364e-14
88560000000.0	2.9307878603201955e-14
88600000000.0	2.9317583435650626e-14
88640000000.0	2.932418401261088e-14
88680000000.0	2.932873939553398e-14
88720000000.0	2.9341324528670906e-14
88760000000.0	2.934692017529296e-14
88800000000.0	2.936232732751183e-14
88840000000.0	2.93577259654708e-14
88880000000.0	2.9358073051148725e-14
88920000000.0	2.935773201040377e-14
88960000000.0	2.934735934330774e-14
89000000000.0	2.9351334232018225e-14
89040000000.0	2.9350930941553806e-14
89080000000.0	2.934510370604417e-14
89120000000.0	2.9346322005616067e-14
89160000000.0	2.9349890196808916e-14
89200000000.0	2.9355905108538185e-14
89240000000.0	2.935468421694632e-14
89280000000.0	2.9369032568344157e-14
89320000000.0	2.9373556787686205e-14
89360000000.0	2.937409653305527e-14
89400000000.0	2.93826112802984e-14
89440000000.0	2.937840290634447e-14
89480000000.0	2.938014203719272e-14
89520000000.0	2.938915294488609e-14
89560000000.0	2.939246699180319e-14
89600000000.0	2.938822236437823e-14
89640000000.0	2.938643121858012e-14
89680000000.0	2.9399587374354256e-14
89720000000.0	2.9401871871226034e-14
89760000000.0	2.940095858150747e-14
89800000000.0	2.9408523958563584e-14
89840000000.0	2.9412097186183024e-14
89880000000.0	2.942018864621518e-14
89920000000.0	2.9425775153779874e-14
89960000000.0	2.94328177347573e-14
90000000000.0	2.944001113441265e-14
90040000000.0	2.9449050985352485e-14
90080000000.0	2.946224108015648e-14
90120000000.0	2.9476720646133736e-14
90160000000.0	2.948677173602644e-14
90200000000.0	2.950740284228199e-14
90240000000.0	2.9504572990173366e-14
90280000000.0	2.9518209718881904e-14
90320000000.0	2.9519192770709977e-14
90360000000.0	2.952259840020422e-14
90400000000.0	2.952207684849912e-14
90440000000.0	2.9522834644161693e-14
90480000000.0	2.952968590513558e-14
90520000000.0	2.953513006730319e-14
90560000000.0	2.9546610779833846e-14
90600000000.0	2.954175428689687e-14
90640000000.0	2.955339121635066e-14
90680000000.0	2.9555275739938795e-14
90720000000.0	2.9567184654944e-14
90760000000.0	2.957252195627121e-14
90800000000.0	2.957196885838173e-14
90840000000.0	2.9573620693283407e-14
90880000000.0	2.9582181648709804e-14
90920000000.0	2.9586081992183816e-14
90960000000.0	2.95905447006753e-14
91000000000.0	2.9599536271046425e-14
91040000000.0	2.959885816664839e-14
91080000000.0	2.959155771762841e-14
91120000000.0	2.9591182446949074e-14
91160000000.0	2.959098453470954e-14
91200000000.0	2.959258044970014e-14
91240000000.0	2.95926080538925e-14
91280000000.0	2.959884768428566e-14
91320000000.0	2.9590600387470607e-14
91360000000.0	2.959312116954167e-14
91400000000.0	2.959535298056009e-14
91440000000.0	2.959997257597877e-14
91480000000.0	2.9594588674763715e-14
91520000000.0	2.960602158248365e-14
91560000000.0	2.960932835147899e-14
91600000000.0	2.9607323044692664e-14
91640000000.0	2.960826003824998e-14
91680000000.0	2.961420915255728e-14
91720000000.0	2.962627559475735e-14
91760000000.0	2.963556562598712e-14
91800000000.0	2.964046198547233e-14
91840000000.0	2.9649232972423775e-14
91880000000.0	2.966047257455371e-14
91920000000.0	2.96612194745571e-14
91960000000.0	2.966496220559757e-14
92000000000.0	2.966356272218825e-14
92040000000.0	2.9671940438312045e-14
92080000000.0	2.967123209537571e-14
92120000000.0	2.9673477727466e-14
92160000000.0	2.968442276486304e-14
92200000000.0	2.9697676927807165e-14
92240000000.0	2.971838396345633e-14
92280000000.0	2.973781669827378e-14
92320000000.0	2.9756568598872374e-14
92360000000.0	2.9770301673660397e-14
92400000000.0	2.9790988259451786e-14
92440000000.0	2.9799885454097435e-14
92480000000.0	2.980443296261627e-14
92520000000.0	2.9800823304252986e-14
92560000000.0	2.980223641162484e-14
92600000000.0	2.98098374567644e-14
92640000000.0	2.981659977252419e-14
92680000000.0	2.981701701469574e-14
92720000000.0	2.9827937977590036e-14
92760000000.0	2.9826548795301734e-14
92800000000.0	2.981554600749698e-14
92840000000.0	2.9821789214755724e-14
92880000000.0	2.9826163090936724e-14
92920000000.0	2.982192757877202e-14
92960000000.0	2.982523397820316e-14
93000000000.0	2.982118494891716e-14
93040000000.0	2.983535473907912e-14
93080000000.0	2.983414037994333e-14
93120000000.0	2.983223424114012e-14
93160000000.0	2.982626951065678e-14
93200000000.0	2.983498459211982e-14
93240000000.0	2.9829456099901567e-14
93280000000.0	2.982978404594816e-14
93320000000.0	2.982451996218334e-14
93360000000.0	2.983439049580071e-14
93400000000.0	2.9839019608791194e-14
93440000000.0	2.984471706611037e-14
93480000000.0	2.986092040762531e-14
93520000000.0	2.986772130182257e-14
93560000000.0	2.9868903203419174e-14
93600000000.0	2.9869804651063976e-14
93640000000.0	2.988223954470388e-14
93680000000.0	2.987995642543919e-14
93720000000.0	2.988409612134852e-14
93760000000.0	2.989539066757087e-14
93800000000.0	2.990071847641147e-14
93840000000.0	2.990444350837083e-14
93880000000.0	2.991233549927953e-14
93920000000.0	2.992594943623439e-14
93960000000.0	2.993566297363206e-14
94000000000.0	2.994727666159304e-14
94040000000.0	2.9956687744199314e-14
94080000000.0	2.996739584563506e-14
94120000000.0	2.997057855757372e-14
94160000000.0	2.9986164141833773e-14
94200000000.0	2.998087326268454e-14
94240000000.0	2.998002821467316e-14
94280000000.0	2.998463918715292e-14
94320000000.0	2.9991623597510536e-14
94360000000.0	2.999773350244853e-14
94400000000.0	3.000722333032846e-14
94440000000.0	3.0002074910596176e-14
94480000000.0	3.00054229345185e-14
94520000000.0	3.000078258258044e-14
94560000000.0	3.0006911891142815e-14
94600000000.0	3.001863290889346e-14
94640000000.0	3.0018102406653015e-14
94680000000.0	3.0016767395994463e-14
94720000000.0	3.001978110065455e-14
94760000000.0	3.001922415319082e-14
94800000000.0	3.00326064075938e-14
94840000000.0	3.002795768718534e-14
94880000000.0	3.002638501193701e-14
94920000000.0	3.0034704444328825e-14
94960000000.0	3.004159419613988e-14
95000000000.0	3.004560383471338e-14
95040000000.0	3.005835891339288e-14
95080000000.0	3.007011157189201e-14
95120000000.0	3.007624205518936e-14
95160000000.0	3.0074626653054504e-14
95200000000.0	3.0085345484461595e-14
95240000000.0	3.009774039397555e-14
95280000000.0	3.0099651796999084e-14
95320000000.0	3.009988629259448e-14
95360000000.0	3.011431858404281e-14
95400000000.0	3.0122810800682365e-14
95440000000.0	3.0120544120979354e-14
95480000000.0	3.012413712421758e-14
95520000000.0	3.0130989512502254e-14
95560000000.0	3.0133130948569214e-14
95600000000.0	3.0133062548570306e-14
95640000000.0	3.015002893738911e-14
95680000000.0	3.015680158207719e-14
95720000000.0	3.01555561609697e-14
95760000000.0	3.015378767205766e-14
95800000000.0	3.015642308871971e-14
95840000000.0	3.015944970858879e-14
95880000000.0	3.0157692023304447e-14
95920000000.0	3.0164049696875386e-14
95960000000.0	3.0155988051265304e-14
96000000000.0	3.015570081694197e-14
96040000000.0	3.015571795501564e-14
96080000000.0	3.015426206748719e-14
96120000000.0	3.0159260867894754e-14
96160000000.0	3.0165124358716946e-14
96200000000.0	3.017222732715525e-14
96240000000.0	3.01744533663937e-14
96280000000.0	3.0183363158727805e-14
96320000000.0	3.018057343664351e-14
96360000000.0	3.018003557320713e-14
96400000000.0	3.017654966078074e-14
96440000000.0	3.018431609947976e-14
96480000000.0	3.019531866421732e-14
96520000000.0	3.0199224386670435e-14
96560000000.0	3.0214532802894674e-14
96600000000.0	3.022274529833615e-14
96640000000.0	3.0235533185043874e-14
96680000000.0	3.025400295474116e-14
96720000000.0	3.025776195383861e-14
96760000000.0	3.0265101527869246e-14
96800000000.0	3.0276651556556876e-14
96840000000.0	3.027776725660499e-14
96880000000.0	3.028801026929502e-14
96920000000.0	3.030957046831006e-14
96960000000.0	3.031879863274202e-14
97000000000.0	3.032894926788669e-14
97040000000.0	3.0334747153965295e-14
97080000000.0	3.034554711661792e-14
97120000000.0	3.035464084362304e-14
97160000000.0	3.035985418634892e-14
97200000000.0	3.037633229346263e-14
97240000000.0	3.038150014596139e-14
97280000000.0	3.038965452238192e-14
97320000000.0	3.0397580405881257e-14
97360000000.0	3.0400854852789265e-14
97400000000.0	3.04086065211918e-14
97440000000.0	3.039473287726527e-14
97480000000.0	3.0388682013968746e-14
97520000000.0	3.0393555891106544e-14
97560000000.0	3.040052092270172e-14
97600000000.0	3.040747117493126e-14
97640000000.0	3.0410044187320965e-14
97680000000.0	3.0418775459670036e-14
97720000000.0	3.0420703184343715e-14
97760000000.0	3.041765029365648e-14
97800000000.0	3.0418039394661366e-14
97840000000.0	3.041920795593323e-14
97880000000.0	3.041829400780825e-14
97920000000.0	3.0416496512518334e-14
97960000000.0	3.042403596279209e-14
98000000000.0	3.040955420704462e-14
98040000000.0	3.0412076876416885e-14
98080000000.0	3.040598450959117e-14
98120000000.0	3.041640784979509e-14
98160000000.0	3.0428768633015555e-14
98200000000.0	3.043423174285856e-14
98240000000.0	3.0447578438156545e-14
98280000000.0	3.045853198446109e-14
98320000000.0	3.0471399209139606e-14
98360000000.0	3.0486622169474674e-14
98400000000.0	3.048571934245901e-14
98440000000.0	3.048027691524857e-14
98480000000.0	3.048063359564262e-14
98520000000.0	3.049714834906419e-14
98560000000.0	3.051481422426123e-14
98600000000.0	3.051106999983109e-14
98640000000.0	3.051897536078064e-14
98680000000.0	3.052056075608141e-14
98720000000.0	3.052130247578263e-14
98760000000.0	3.0536607581957155e-14
98800000000.0	3.053960544154281e-14
98840000000.0	3.055536482684563e-14
98880000000.0	3.0558087697311037e-14
98920000000.0	3.0575395520173205e-14
98960000000.0	3.058104814590521e-14
99000000000.0	3.0579614037612516e-14
99040000000.0	3.058558530530258e-14
99080000000.0	3.059630101402731e-14
99120000000.0	3.059824778166096e-14
99160000000.0	3.060356755930635e-14
99200000000.0	3.060897640099037e-14
99240000000.0	3.061451109447272e-14
99280000000.0	3.062020842751367e-14
99320000000.0	3.0626105187873515e-14
99360000000.0	3.0632238163312527e-14
99400000000.0	3.063864414159099e-14
99440000000.0	3.064535991046918e-14
99480000000.0	3.065242225770738e-14
99520000000.0	3.065986797106586e-14
99560000000.0	3.0667733838304916e-14
99600000000.0	3.067605664718482e-14
99640000000.0	3.068487318546585e-14
99680000000.0	3.0694220240908285e-14
99720000000.0	3.070413460127241e-14
99760000000.0	3.0714653054318505e-14
99800000000.0	3.072581238780685e-14
99840000000.0	3.073764938949772e-14
99880000000.0	3.07502008471514e-14
99920000000.0	3.0763503548528164e-14
99960000000.0	3.07775942813883e-14
100000000000.0	3.0792509833492084e-14
