4.000000e+07	2.964467e-14
8.000000e+07	2.939238e-14
1.200000e+08	2.924480e-14
1.600000e+08	2.914009e-14
2.000000e+08	2.905888e-14
2.400000e+08	2.899253e-14
2.800000e+08	2.893643e-14
3.200000e+08	2.888784e-14
3.600000e+08	2.884498e-14
4.000000e+08	2.880665e-14
4.400000e+08	2.877198e-14
4.800000e+08	2.874032e-14
5.200000e+08	2.871121e-14
5.600000e+08	2.868426e-14
6.000000e+08	2.865917e-14
6.400000e+08	2.863571e-14
6.800000e+08	2.861367e-14
7.200000e+08	2.859290e-14
7.600000e+08	2.857325e-14
8.000000e+08	2.855461e-14
8.400000e+08	2.853689e-14
8.800000e+08	2.851999e-14
9.200000e+08	2.850385e-14
9.600000e+08	2.848840e-14
1.000000e+09	2.847359e-14
1.040000e+09	2.845935e-14
1.080000e+09	2.844566e-14
1.120000e+09	2.843247e-14
1.160000e+09	2.841975e-14
1.200000e+09	2.840746e-14
1.240000e+09	2.839558e-14
1.280000e+09	2.838407e-14
1.320000e+09	2.837293e-14
1.360000e+09	2.836212e-14
1.400000e+09	2.835163e-14
1.440000e+09	2.834143e-14
1.480000e+09	2.833152e-14
1.520000e+09	2.832188e-14
1.560000e+09	2.831249e-14
1.600000e+09	2.830334e-14
1.640000e+09	2.829442e-14
1.680000e+09	2.828572e-14
1.720000e+09	2.827723e-14
1.760000e+09	2.826893e-14
1.800000e+09	2.826083e-14
1.840000e+09	2.825291e-14
1.880000e+09	2.824516e-14
1.920000e+09	2.823757e-14
1.960000e+09	2.823015e-14
2.000000e+09	2.822288e-14
2.040000e+09	2.821576e-14
2.080000e+09	2.820878e-14
2.120000e+09	2.820193e-14
2.160000e+09	2.819522e-14
2.200000e+09	2.818863e-14
2.240000e+09	2.818217e-14
2.280000e+09	2.817582e-14
2.320000e+09	2.816959e-14
2.360000e+09	2.816346e-14
2.400000e+09	2.815744e-14
2.440000e+09	2.815153e-14
2.480000e+09	2.814571e-14
2.520000e+09	2.813999e-14
2.560000e+09	2.813437e-14
2.600000e+09	2.812883e-14
2.640000e+09	2.812339e-14
2.680000e+09	2.811802e-14
2.720000e+09	2.811274e-14
2.760000e+09	2.810755e-14
2.800000e+09	2.810242e-14
2.840000e+09	2.809738e-14
2.880000e+09	2.809241e-14
2.920000e+09	2.808751e-14
2.960000e+09	2.808268e-14
3.000000e+09	2.807792e-14
3.040000e+09	2.807322e-14
3.080000e+09	2.806859e-14
3.120000e+09	2.806403e-14
3.160000e+09	2.805952e-14
3.200000e+09	2.805507e-14
3.240000e+09	2.805069e-14
3.280000e+09	2.804636e-14
3.320000e+09	2.804208e-14
3.360000e+09	2.803786e-14
3.400000e+09	2.803369e-14
3.440000e+09	2.802958e-14
3.480000e+09	2.802551e-14
3.520000e+09	2.802150e-14
3.560000e+09	2.801753e-14
3.600000e+09	2.801362e-14
3.640000e+09	2.800974e-14
3.680000e+09	2.800592e-14
3.720000e+09	2.800214e-14
3.760000e+09	2.799840e-14
3.800000e+09	2.799471e-14
3.840000e+09	2.799105e-14
3.880000e+09	2.798744e-14
3.920000e+09	2.798387e-14
3.960000e+09	2.798034e-14
4.000000e+09	2.797684e-14
4.040000e+09	2.797339e-14
4.080000e+09	2.796997e-14
4.120000e+09	2.796659e-14
4.160000e+09	2.796324e-14
4.200000e+09	2.795993e-14
4.240000e+09	2.795666e-14
4.280000e+09	2.795342e-14
4.320000e+09	2.795021e-14
4.360000e+09	2.794703e-14
4.400000e+09	2.794389e-14
4.440000e+09	2.794078e-14
4.480000e+09	2.793770e-14
4.520000e+09	2.793465e-14
4.560000e+09	2.793163e-14
4.600000e+09	2.792864e-14
4.640000e+09	2.792568e-14
4.680000e+09	2.792275e-14
4.720000e+09	2.791984e-14
4.760000e+09	2.791697e-14
4.800000e+09	2.791412e-14
4.840000e+09	2.791130e-14
4.880000e+09	2.790850e-14
4.920000e+09	2.790573e-14
4.960000e+09	2.790299e-14
5.000000e+09	2.790027e-14
5.040000e+09	2.789758e-14
5.080000e+09	2.789491e-14
5.120000e+09	2.789226e-14
5.160000e+09	2.788964e-14
5.200000e+09	2.788705e-14
5.240000e+09	2.788447e-14
5.280000e+09	2.788192e-14
5.320000e+09	2.787939e-14
5.360000e+09	2.787689e-14
5.400000e+09	2.787440e-14
5.440000e+09	2.787194e-14
5.480000e+09	2.786950e-14
5.520000e+09	2.786707e-14
5.560000e+09	2.786467e-14
5.600000e+09	2.786229e-14
5.640000e+09	2.785993e-14
5.680000e+09	2.785759e-14
5.720000e+09	2.785527e-14
5.760000e+09	2.785297e-14
5.800000e+09	2.785069e-14
5.840000e+09	2.784843e-14
5.880000e+09	2.784619e-14
5.920000e+09	2.784396e-14
5.960000e+09	2.784175e-14
6.000000e+09	2.783956e-14
6.040000e+09	2.783739e-14
6.080000e+09	2.783524e-14
6.120000e+09	2.783310e-14
6.160000e+09	2.783098e-14
6.200000e+09	2.782888e-14
6.240000e+09	2.782680e-14
6.280000e+09	2.782473e-14
6.320000e+09	2.782267e-14
6.360000e+09	2.782064e-14
6.400000e+09	2.781862e-14
6.440000e+09	2.781661e-14
6.480000e+09	2.781462e-14
6.520000e+09	2.781265e-14
6.560000e+09	2.781069e-14
6.600000e+09	2.780875e-14
6.640000e+09	2.780682e-14
6.680000e+09	2.780491e-14
6.720000e+09	2.780301e-14
6.760000e+09	2.780112e-14
6.800000e+09	2.779925e-14
6.840000e+09	2.779740e-14
6.880000e+09	2.779556e-14
6.920000e+09	2.779373e-14
6.960000e+09	2.779191e-14
7.000000e+09	2.779011e-14
7.040000e+09	2.778833e-14
7.080000e+09	2.778655e-14
7.120000e+09	2.778479e-14
7.160000e+09	2.778305e-14
7.200000e+09	2.778131e-14
7.240000e+09	2.777959e-14
7.280000e+09	2.777788e-14
7.320000e+09	2.777619e-14
7.360000e+09	2.777450e-14
7.400000e+09	2.777283e-14
7.440000e+09	2.777117e-14
7.480000e+09	2.776952e-14
7.520000e+09	2.776789e-14
7.560000e+09	2.776627e-14
7.600000e+09	2.776466e-14
7.640000e+09	2.776306e-14
7.680000e+09	2.776147e-14
7.720000e+09	2.775989e-14
7.760000e+09	2.775833e-14
7.800000e+09	2.775677e-14
7.840000e+09	2.775523e-14
7.880000e+09	2.775370e-14
7.920000e+09	2.775218e-14
7.960000e+09	2.775067e-14
8.000000e+09	2.774917e-14
8.040000e+09	2.774768e-14
8.080000e+09	2.774620e-14
8.120000e+09	2.774474e-14
8.160000e+09	2.774328e-14
8.200000e+09	2.774183e-14
8.240000e+09	2.774040e-14
8.280000e+09	2.773897e-14
8.320000e+09	2.773756e-14
8.360000e+09	2.773615e-14
8.400000e+09	2.773475e-14
8.440000e+09	2.773337e-14
8.480000e+09	2.773199e-14
8.520000e+09	2.773062e-14
8.560000e+09	2.772927e-14
8.600000e+09	2.772792e-14
8.640000e+09	2.772658e-14
8.680000e+09	2.772525e-14
8.720000e+09	2.772393e-14
8.760000e+09	2.772262e-14
8.800000e+09	2.772132e-14
8.840000e+09	2.772003e-14
8.880000e+09	2.771875e-14
8.920000e+09	2.771748e-14
8.960000e+09	2.771621e-14
9.000000e+09	2.771496e-14
9.040000e+09	2.771371e-14
9.080000e+09	2.771247e-14
9.120000e+09	2.771124e-14
9.160000e+09	2.771002e-14
9.200000e+09	2.770881e-14
9.240000e+09	2.770760e-14
9.280000e+09	2.770641e-14
9.320000e+09	2.770522e-14
9.360000e+09	2.770404e-14
9.400000e+09	2.770287e-14
9.440000e+09	2.770171e-14
9.480000e+09	2.770055e-14
9.520000e+09	2.769941e-14
9.560000e+09	2.769827e-14
9.600000e+09	2.769714e-14
9.640000e+09	2.769602e-14
9.680000e+09	2.769490e-14
9.720000e+09	2.769379e-14
9.760000e+09	2.769270e-14
9.800000e+09	2.769160e-14
9.840000e+09	2.769052e-14
9.880000e+09	2.768944e-14
9.920000e+09	2.768838e-14
9.960000e+09	2.768732e-14
1.000000e+10	2.768626e-14
1.004000e+10	2.768522e-14
1.008000e+10	2.768418e-14
1.012000e+10	2.768315e-14
1.016000e+10	2.768212e-14
1.020000e+10	2.768110e-14
1.024000e+10	2.768010e-14
1.028000e+10	2.767909e-14
1.032000e+10	2.767810e-14
1.036000e+10	2.767711e-14
1.040000e+10	2.767613e-14
1.044000e+10	2.767515e-14
1.048000e+10	2.767419e-14
1.052000e+10	2.767323e-14
1.056000e+10	2.767227e-14
1.060000e+10	2.767133e-14
1.064000e+10	2.767039e-14
1.068000e+10	2.766945e-14
1.072000e+10	2.766853e-14
1.076000e+10	2.766761e-14
1.080000e+10	2.766669e-14
1.084000e+10	2.766579e-14
1.088000e+10	2.766489e-14
1.092000e+10	2.766399e-14
1.096000e+10	2.766310e-14
1.100000e+10	2.766222e-14
1.104000e+10	2.766135e-14
1.108000e+10	2.766048e-14
1.112000e+10	2.765962e-14
1.116000e+10	2.765877e-14
1.120000e+10	2.765792e-14
1.124000e+10	2.765707e-14
1.128000e+10	2.765624e-14
1.132000e+10	2.765541e-14
1.136000e+10	2.765458e-14
1.140000e+10	2.765376e-14
1.144000e+10	2.765295e-14
1.148000e+10	2.765215e-14
1.152000e+10	2.765135e-14
1.156000e+10	2.765055e-14
1.160000e+10	2.764976e-14
1.164000e+10	2.764898e-14
1.168000e+10	2.764821e-14
1.172000e+10	2.764744e-14
1.176000e+10	2.764667e-14
1.180000e+10	2.764591e-14
1.184000e+10	2.764516e-14
1.188000e+10	2.764441e-14
1.192000e+10	2.764367e-14
1.196000e+10	2.764294e-14
1.200000e+10	2.764221e-14
1.204000e+10	2.764148e-14
1.208000e+10	2.764076e-14
1.212000e+10	2.764005e-14
1.216000e+10	2.763934e-14
1.220000e+10	2.763864e-14
1.224000e+10	2.763794e-14
1.228000e+10	2.763725e-14
1.232000e+10	2.763657e-14
1.236000e+10	2.763589e-14
1.240000e+10	2.763521e-14
1.244000e+10	2.763454e-14
1.248000e+10	2.763388e-14
1.252000e+10	2.763322e-14
1.256000e+10	2.763257e-14
1.260000e+10	2.763192e-14
1.264000e+10	2.763127e-14
1.268000e+10	2.763064e-14
1.272000e+10	2.763000e-14
1.276000e+10	2.762938e-14
1.280000e+10	2.762876e-14
1.284000e+10	2.762814e-14
1.288000e+10	2.762753e-14
1.292000e+10	2.762692e-14
1.296000e+10	2.762632e-14
1.300000e+10	2.762572e-14
1.304000e+10	2.762513e-14
1.308000e+10	2.762454e-14
1.312000e+10	2.762396e-14
1.316000e+10	2.762339e-14
1.320000e+10	2.762282e-14
1.324000e+10	2.762225e-14
1.328000e+10	2.762169e-14
1.332000e+10	2.762113e-14
1.336000e+10	2.762058e-14
1.340000e+10	2.762003e-14
1.344000e+10	2.761949e-14
1.348000e+10	2.761895e-14
1.352000e+10	2.761842e-14
1.356000e+10	2.761789e-14
1.360000e+10	2.761737e-14
1.364000e+10	2.761685e-14
1.368000e+10	2.761634e-14
1.372000e+10	2.761583e-14
1.376000e+10	2.761533e-14
1.380000e+10	2.761483e-14
1.384000e+10	2.761433e-14
1.388000e+10	2.761384e-14
1.392000e+10	2.761336e-14
1.396000e+10	2.761288e-14
1.400000e+10	2.761240e-14
1.404000e+10	2.761193e-14
1.408000e+10	2.761146e-14
1.412000e+10	2.761100e-14
1.416000e+10	2.761054e-14
1.420000e+10	2.761009e-14
1.424000e+10	2.760964e-14
1.428000e+10	2.760919e-14
1.432000e+10	2.760875e-14
1.436000e+10	2.760832e-14
1.440000e+10	2.760789e-14
1.444000e+10	2.760746e-14
1.448000e+10	2.760704e-14
1.452000e+10	2.760662e-14
1.456000e+10	2.760621e-14
1.460000e+10	2.760580e-14
1.464000e+10	2.760539e-14
1.468000e+10	2.760499e-14
1.472000e+10	2.760459e-14
1.476000e+10	2.760420e-14
1.480000e+10	2.760382e-14
1.484000e+10	2.760343e-14
1.488000e+10	2.760305e-14
1.492000e+10	2.760268e-14
1.496000e+10	2.760231e-14
1.500000e+10	2.760194e-14
1.504000e+10	2.760158e-14
1.508000e+10	2.760122e-14
1.512000e+10	2.760087e-14
1.516000e+10	2.760052e-14
1.520000e+10	2.760017e-14
1.524000e+10	2.759983e-14
1.528000e+10	2.759949e-14
1.532000e+10	2.759916e-14
1.536000e+10	2.759883e-14
1.540000e+10	2.759850e-14
1.544000e+10	2.759818e-14
1.548000e+10	2.759786e-14
1.552000e+10	2.759755e-14
1.556000e+10	2.759724e-14
1.560000e+10	2.759694e-14
1.564000e+10	2.759664e-14
1.568000e+10	2.759634e-14
1.572000e+10	2.759605e-14
1.576000e+10	2.759576e-14
1.580000e+10	2.759547e-14
1.584000e+10	2.759519e-14
1.588000e+10	2.759491e-14
1.592000e+10	2.759464e-14
1.596000e+10	2.759437e-14
1.600000e+10	2.759411e-14
1.604000e+10	2.759384e-14
1.608000e+10	2.759359e-14
1.612000e+10	2.759333e-14
1.616000e+10	2.759308e-14
1.620000e+10	2.759284e-14
1.624000e+10	2.759259e-14
1.628000e+10	2.759236e-14
1.632000e+10	2.759212e-14
1.636000e+10	2.759189e-14
1.640000e+10	2.759166e-14
1.644000e+10	2.759144e-14
1.648000e+10	2.759122e-14
1.652000e+10	2.759100e-14
1.656000e+10	2.759079e-14
1.660000e+10	2.759058e-14
1.664000e+10	2.759038e-14
1.668000e+10	2.759018e-14
1.672000e+10	2.758998e-14
1.676000e+10	2.758979e-14
1.680000e+10	2.758960e-14
1.684000e+10	2.758941e-14
1.688000e+10	2.758923e-14
1.692000e+10	2.758905e-14
1.696000e+10	2.758887e-14
1.700000e+10	2.758870e-14
1.704000e+10	2.758853e-14
1.708000e+10	2.758837e-14
1.712000e+10	2.758821e-14
1.716000e+10	2.758805e-14
1.720000e+10	2.758790e-14
1.724000e+10	2.758775e-14
1.728000e+10	2.758760e-14
1.732000e+10	2.758746e-14
1.736000e+10	2.758732e-14
1.740000e+10	2.758718e-14
1.744000e+10	2.758705e-14
1.748000e+10	2.758692e-14
1.752000e+10	2.758680e-14
1.756000e+10	2.758668e-14
1.760000e+10	2.758656e-14
1.764000e+10	2.758644e-14
1.768000e+10	2.758633e-14
1.772000e+10	2.758623e-14
1.776000e+10	2.758612e-14
1.780000e+10	2.758602e-14
1.784000e+10	2.758592e-14
1.788000e+10	2.758583e-14
1.792000e+10	2.758574e-14
1.796000e+10	2.758565e-14
1.800000e+10	2.758557e-14
1.804000e+10	2.758549e-14
1.808000e+10	2.758541e-14
1.812000e+10	2.758534e-14
1.816000e+10	2.758527e-14
1.820000e+10	2.758520e-14
1.824000e+10	2.758514e-14
1.828000e+10	2.758508e-14
1.832000e+10	2.758502e-14
1.836000e+10	2.758497e-14
1.840000e+10	2.758492e-14
1.844000e+10	2.758488e-14
1.848000e+10	2.758483e-14
1.852000e+10	2.758479e-14
1.856000e+10	2.758476e-14
1.860000e+10	2.758472e-14
1.864000e+10	2.758469e-14
1.868000e+10	2.758467e-14
1.872000e+10	2.758464e-14
1.876000e+10	2.758462e-14
1.880000e+10	2.758461e-14
1.884000e+10	2.758459e-14
1.888000e+10	2.758458e-14
1.892000e+10	2.758458e-14
1.896000e+10	2.758457e-14
1.900000e+10	2.758457e-14
1.904000e+10	2.758458e-14
1.908000e+10	2.758458e-14
1.912000e+10	2.758459e-14
1.916000e+10	2.758461e-14
1.920000e+10	2.758462e-14
1.924000e+10	2.758464e-14
1.928000e+10	2.758466e-14
1.932000e+10	2.758469e-14
1.936000e+10	2.758472e-14
1.940000e+10	2.758475e-14
1.944000e+10	2.758478e-14
1.948000e+10	2.758482e-14
1.952000e+10	2.758486e-14
1.956000e+10	2.758491e-14
1.960000e+10	2.758495e-14
1.964000e+10	2.758501e-14
1.968000e+10	2.758506e-14
1.972000e+10	2.758512e-14
1.976000e+10	2.758518e-14
1.980000e+10	2.758524e-14
1.984000e+10	2.758531e-14
1.988000e+10	2.758538e-14
1.992000e+10	2.758545e-14
1.996000e+10	2.758552e-14
2.000000e+10	2.758560e-14
2.004000e+10	2.758569e-14
2.008000e+10	2.758577e-14
2.012000e+10	2.758586e-14
2.016000e+10	2.758595e-14
2.020000e+10	2.758604e-14
2.024000e+10	2.758614e-14
2.028000e+10	2.758624e-14
2.032000e+10	2.758634e-14
2.036000e+10	2.758645e-14
2.040000e+10	2.758656e-14
2.044000e+10	2.758667e-14
2.048000e+10	2.758679e-14
2.052000e+10	2.758691e-14
2.056000e+10	2.758703e-14
2.060000e+10	2.758715e-14
2.064000e+10	2.758728e-14
2.068000e+10	2.758741e-14
2.072000e+10	2.758754e-14
2.076000e+10	2.758768e-14
2.080000e+10	2.758782e-14
2.084000e+10	2.758796e-14
2.088000e+10	2.758811e-14
2.092000e+10	2.758826e-14
2.096000e+10	2.758841e-14
2.100000e+10	2.758856e-14
2.104000e+10	2.758872e-14
2.108000e+10	2.758888e-14
2.112000e+10	2.758904e-14
2.116000e+10	2.758921e-14
2.120000e+10	2.758938e-14
2.124000e+10	2.758955e-14
2.128000e+10	2.758973e-14
2.132000e+10	2.758990e-14
2.136000e+10	2.759009e-14
2.140000e+10	2.759027e-14
2.144000e+10	2.759046e-14
2.148000e+10	2.759065e-14
2.152000e+10	2.759084e-14
2.156000e+10	2.759103e-14
2.160000e+10	2.759123e-14
2.164000e+10	2.759143e-14
2.168000e+10	2.759164e-14
2.172000e+10	2.759184e-14
2.176000e+10	2.759205e-14
2.180000e+10	2.759227e-14
2.184000e+10	2.759248e-14
2.188000e+10	2.759270e-14
2.192000e+10	2.759292e-14
2.196000e+10	2.759315e-14
2.200000e+10	2.759337e-14
2.204000e+10	2.759360e-14
2.208000e+10	2.759384e-14
2.212000e+10	2.759407e-14
2.216000e+10	2.759431e-14
2.220000e+10	2.759455e-14
2.224000e+10	2.759479e-14
2.228000e+10	2.759504e-14
2.232000e+10	2.759529e-14
2.236000e+10	2.759554e-14
2.240000e+10	2.759580e-14
2.244000e+10	2.759606e-14
2.248000e+10	2.759632e-14
2.252000e+10	2.759658e-14
2.256000e+10	2.759685e-14
2.260000e+10	2.759712e-14
2.264000e+10	2.759739e-14
2.268000e+10	2.759766e-14
2.272000e+10	2.759794e-14
2.276000e+10	2.759822e-14
2.280000e+10	2.759851e-14
2.284000e+10	2.759879e-14
2.288000e+10	2.759908e-14
2.292000e+10	2.759937e-14
2.296000e+10	2.759967e-14
2.300000e+10	2.759996e-14
2.304000e+10	2.760026e-14
2.308000e+10	2.760057e-14
2.312000e+10	2.760087e-14
2.316000e+10	2.760118e-14
2.320000e+10	2.760149e-14
2.324000e+10	2.760180e-14
2.328000e+10	2.760212e-14
2.332000e+10	2.760244e-14
2.336000e+10	2.760276e-14
2.340000e+10	2.760308e-14
2.344000e+10	2.760341e-14
2.348000e+10	2.760374e-14
2.352000e+10	2.760407e-14
2.356000e+10	2.760441e-14
2.360000e+10	2.760475e-14
2.364000e+10	2.760509e-14
2.368000e+10	2.760543e-14
2.372000e+10	2.760578e-14
2.376000e+10	2.760613e-14
2.380000e+10	2.760648e-14
2.384000e+10	2.760683e-14
2.388000e+10	2.760719e-14
2.392000e+10	2.760755e-14
2.396000e+10	2.760791e-14
2.400000e+10	2.760828e-14
2.404000e+10	2.760864e-14
2.408000e+10	2.760901e-14
2.412000e+10	2.760939e-14
2.416000e+10	2.760976e-14
2.420000e+10	2.761014e-14
2.424000e+10	2.761052e-14
2.428000e+10	2.761090e-14
2.432000e+10	2.761129e-14
2.436000e+10	2.761168e-14
2.440000e+10	2.761207e-14
2.444000e+10	2.761246e-14
2.448000e+10	2.761286e-14
2.452000e+10	2.761326e-14
2.456000e+10	2.761366e-14
2.460000e+10	2.761407e-14
2.464000e+10	2.761447e-14
2.468000e+10	2.761488e-14
2.472000e+10	2.761530e-14
2.476000e+10	2.761571e-14
2.480000e+10	2.761613e-14
2.484000e+10	2.761655e-14
2.488000e+10	2.761697e-14
2.492000e+10	2.761740e-14
2.496000e+10	2.761783e-14
2.500000e+10	2.761826e-14
2.504000e+10	2.761869e-14
2.508000e+10	2.761913e-14
2.512000e+10	2.761957e-14
2.516000e+10	2.762001e-14
2.520000e+10	2.762045e-14
2.524000e+10	2.762090e-14
2.528000e+10	2.762135e-14
2.532000e+10	2.762180e-14
2.536000e+10	2.762225e-14
2.540000e+10	2.762271e-14
2.544000e+10	2.762317e-14
2.548000e+10	2.762363e-14
2.552000e+10	2.762409e-14
2.556000e+10	2.762456e-14
2.560000e+10	2.762503e-14
2.564000e+10	2.762550e-14
2.568000e+10	2.762598e-14
2.572000e+10	2.762645e-14
2.576000e+10	2.762693e-14
2.580000e+10	2.762742e-14
2.584000e+10	2.762790e-14
2.588000e+10	2.762839e-14
2.592000e+10	2.762888e-14
2.596000e+10	2.762937e-14
2.600000e+10	2.762987e-14
2.604000e+10	2.763036e-14
2.608000e+10	2.763086e-14
2.612000e+10	2.763137e-14
2.616000e+10	2.763187e-14
2.620000e+10	2.763238e-14
2.624000e+10	2.763289e-14
2.628000e+10	2.763340e-14
2.632000e+10	2.763392e-14
2.636000e+10	2.763444e-14
2.640000e+10	2.763496e-14
2.644000e+10	2.763548e-14
2.648000e+10	2.763601e-14
2.652000e+10	2.763653e-14
2.656000e+10	2.763706e-14
2.660000e+10	2.763760e-14
2.664000e+10	2.763813e-14
2.668000e+10	2.763867e-14
2.672000e+10	2.763921e-14
2.676000e+10	2.763975e-14
2.680000e+10	2.764030e-14
2.684000e+10	2.764085e-14
2.688000e+10	2.764140e-14
2.692000e+10	2.764195e-14
2.696000e+10	2.764251e-14
2.700000e+10	2.764306e-14
2.704000e+10	2.764362e-14
2.708000e+10	2.764419e-14
2.712000e+10	2.764475e-14
2.716000e+10	2.764532e-14
2.720000e+10	2.764589e-14
2.724000e+10	2.764646e-14
2.728000e+10	2.764704e-14
2.732000e+10	2.764762e-14
2.736000e+10	2.764820e-14
2.740000e+10	2.764878e-14
2.744000e+10	2.764937e-14
2.748000e+10	2.764995e-14
2.752000e+10	2.765054e-14
2.756000e+10	2.765114e-14
2.760000e+10	2.765173e-14
2.764000e+10	2.765233e-14
2.768000e+10	2.765293e-14
2.772000e+10	2.765353e-14
2.776000e+10	2.765414e-14
2.780000e+10	2.765474e-14
2.784000e+10	2.765535e-14
2.788000e+10	2.765597e-14
2.792000e+10	2.765658e-14
2.796000e+10	2.765720e-14
2.800000e+10	2.765782e-14
2.804000e+10	2.765844e-14
2.808000e+10	2.765906e-14
2.812000e+10	2.765969e-14
2.816000e+10	2.766032e-14
2.820000e+10	2.766095e-14
2.824000e+10	2.766159e-14
2.828000e+10	2.766222e-14
2.832000e+10	2.766286e-14
2.836000e+10	2.766350e-14
2.840000e+10	2.766415e-14
2.844000e+10	2.766479e-14
2.848000e+10	2.766544e-14
2.852000e+10	2.766609e-14
2.856000e+10	2.766675e-14
2.860000e+10	2.766740e-14
2.864000e+10	2.766806e-14
2.868000e+10	2.766872e-14
2.872000e+10	2.766939e-14
2.876000e+10	2.767005e-14
2.880000e+10	2.767072e-14
2.884000e+10	2.767139e-14
2.888000e+10	2.767206e-14
2.892000e+10	2.767274e-14
2.896000e+10	2.767342e-14
2.900000e+10	2.767410e-14
2.904000e+10	2.767478e-14
2.908000e+10	2.767546e-14
2.912000e+10	2.767615e-14
2.916000e+10	2.767684e-14
2.920000e+10	2.767753e-14
2.924000e+10	2.767823e-14
2.928000e+10	2.767892e-14
2.932000e+10	2.767962e-14
2.936000e+10	2.768033e-14
2.940000e+10	2.768103e-14
2.944000e+10	2.768174e-14
2.948000e+10	2.768244e-14
2.952000e+10	2.768316e-14
2.956000e+10	2.768387e-14
2.960000e+10	2.768459e-14
2.964000e+10	2.768530e-14
2.968000e+10	2.768603e-14
2.972000e+10	2.768675e-14
2.976000e+10	2.768747e-14
2.980000e+10	2.768820e-14
2.984000e+10	2.768893e-14
2.988000e+10	2.768966e-14
2.992000e+10	2.769040e-14
2.996000e+10	2.769114e-14
3.000000e+10	2.769188e-14
3.004000e+10	2.769262e-14
3.008000e+10	2.769336e-14
3.012000e+10	2.769411e-14
3.016000e+10	2.769486e-14
3.020000e+10	2.769561e-14
3.024000e+10	2.769637e-14
3.028000e+10	2.769712e-14
3.032000e+10	2.769788e-14
3.036000e+10	2.769864e-14
3.040000e+10	2.769941e-14
3.044000e+10	2.770017e-14
3.048000e+10	2.770094e-14
3.052000e+10	2.770171e-14
3.056000e+10	2.770248e-14
3.060000e+10	2.770326e-14
3.064000e+10	2.770404e-14
3.068000e+10	2.770482e-14
3.072000e+10	2.770560e-14
3.076000e+10	2.770638e-14
3.080000e+10	2.770717e-14
3.084000e+10	2.770796e-14
3.088000e+10	2.770875e-14
3.092000e+10	2.770954e-14
3.096000e+10	2.771034e-14
3.100000e+10	2.771114e-14
3.104000e+10	2.771194e-14
3.108000e+10	2.771274e-14
3.112000e+10	2.771355e-14
3.116000e+10	2.771436e-14
3.120000e+10	2.771517e-14
3.124000e+10	2.771598e-14
3.128000e+10	2.771680e-14
3.132000e+10	2.771761e-14
3.136000e+10	2.771843e-14
3.140000e+10	2.771925e-14
3.144000e+10	2.772008e-14
3.148000e+10	2.772091e-14
3.152000e+10	2.772173e-14
3.156000e+10	2.772257e-14
3.160000e+10	2.772340e-14
3.164000e+10	2.772424e-14
3.168000e+10	2.772507e-14
3.172000e+10	2.772591e-14
3.176000e+10	2.772676e-14
3.180000e+10	2.772760e-14
3.184000e+10	2.772845e-14
3.188000e+10	2.772930e-14
3.192000e+10	2.773015e-14
3.196000e+10	2.773101e-14
3.200000e+10	2.773186e-14
3.204000e+10	2.773272e-14
3.208000e+10	2.773359e-14
3.212000e+10	2.773445e-14
3.216000e+10	2.773532e-14
3.220000e+10	2.773618e-14
3.224000e+10	2.773705e-14
3.228000e+10	2.773793e-14
3.232000e+10	2.773880e-14
3.236000e+10	2.773968e-14
3.240000e+10	2.774056e-14
3.244000e+10	2.774144e-14
3.248000e+10	2.774233e-14
3.252000e+10	2.774321e-14
3.256000e+10	2.774410e-14
3.260000e+10	2.774500e-14
3.264000e+10	2.774589e-14
3.268000e+10	2.774679e-14
3.272000e+10	2.774768e-14
3.276000e+10	2.774858e-14
3.280000e+10	2.774949e-14
3.284000e+10	2.775039e-14
3.288000e+10	2.775130e-14
3.292000e+10	2.775221e-14
3.296000e+10	2.775312e-14
3.300000e+10	2.775404e-14
3.304000e+10	2.775495e-14
3.308000e+10	2.775587e-14
3.312000e+10	2.775679e-14
3.316000e+10	2.775772e-14
3.320000e+10	2.775864e-14
3.324000e+10	2.775957e-14
3.328000e+10	2.776050e-14
3.332000e+10	2.776144e-14
3.336000e+10	2.776237e-14
3.340000e+10	2.776331e-14
3.344000e+10	2.776425e-14
3.348000e+10	2.776519e-14
3.352000e+10	2.776613e-14
3.356000e+10	2.776708e-14
3.360000e+10	2.776803e-14
3.364000e+10	2.776898e-14
3.368000e+10	2.776993e-14
3.372000e+10	2.777089e-14
3.376000e+10	2.777185e-14
3.380000e+10	2.777281e-14
3.384000e+10	2.777377e-14
3.388000e+10	2.777474e-14
3.392000e+10	2.777570e-14
3.396000e+10	2.777667e-14
3.400000e+10	2.777764e-14
3.404000e+10	2.777862e-14
3.408000e+10	2.777959e-14
3.412000e+10	2.778057e-14
3.416000e+10	2.778155e-14
3.420000e+10	2.778254e-14
3.424000e+10	2.778352e-14
3.428000e+10	2.778451e-14
3.432000e+10	2.778550e-14
3.436000e+10	2.778649e-14
3.440000e+10	2.778749e-14
3.444000e+10	2.778848e-14
3.448000e+10	2.778948e-14
3.452000e+10	2.779048e-14
3.456000e+10	2.779149e-14
3.460000e+10	2.779249e-14
3.464000e+10	2.779350e-14
3.468000e+10	2.779451e-14
3.472000e+10	2.779552e-14
3.476000e+10	2.779654e-14
3.480000e+10	2.779755e-14
3.484000e+10	2.779857e-14
3.488000e+10	2.779960e-14
3.492000e+10	2.780062e-14
3.496000e+10	2.780165e-14
3.500000e+10	2.780267e-14
3.504000e+10	2.780371e-14
3.508000e+10	2.780474e-14
3.512000e+10	2.780577e-14
3.516000e+10	2.780681e-14
3.520000e+10	2.780785e-14
3.524000e+10	2.780889e-14
3.528000e+10	2.780994e-14
3.532000e+10	2.781098e-14
3.536000e+10	2.781203e-14
3.540000e+10	2.781308e-14
3.544000e+10	2.781414e-14
3.548000e+10	2.781519e-14
3.552000e+10	2.781625e-14
3.556000e+10	2.781731e-14
3.560000e+10	2.781837e-14
3.564000e+10	2.781944e-14
3.568000e+10	2.782050e-14
3.572000e+10	2.782157e-14
3.576000e+10	2.782264e-14
3.580000e+10	2.782372e-14
3.584000e+10	2.782479e-14
3.588000e+10	2.782587e-14
3.592000e+10	2.782695e-14
3.596000e+10	2.782804e-14
3.600000e+10	2.782912e-14
3.604000e+10	2.783021e-14
3.608000e+10	2.783130e-14
3.612000e+10	2.783239e-14
3.616000e+10	2.783348e-14
3.620000e+10	2.783458e-14
3.624000e+10	2.783568e-14
3.628000e+10	2.783678e-14
3.632000e+10	2.783788e-14
3.636000e+10	2.783899e-14
3.640000e+10	2.784009e-14
3.644000e+10	2.784120e-14
3.648000e+10	2.784231e-14
3.652000e+10	2.784343e-14
3.656000e+10	2.784455e-14
3.660000e+10	2.784566e-14
3.664000e+10	2.784678e-14
3.668000e+10	2.784791e-14
3.672000e+10	2.784903e-14
3.676000e+10	2.785016e-14
3.680000e+10	2.785129e-14
3.684000e+10	2.785242e-14
3.688000e+10	2.785356e-14
3.692000e+10	2.785469e-14
3.696000e+10	2.785583e-14
3.700000e+10	2.785697e-14
3.704000e+10	2.785812e-14
3.708000e+10	2.785926e-14
3.712000e+10	2.786041e-14
3.716000e+10	2.786156e-14
3.720000e+10	2.786271e-14
3.724000e+10	2.786387e-14
3.728000e+10	2.786502e-14
3.732000e+10	2.786618e-14
3.736000e+10	2.786734e-14
3.740000e+10	2.786851e-14
3.744000e+10	2.786967e-14
3.748000e+10	2.787084e-14
3.752000e+10	2.787201e-14
3.756000e+10	2.787319e-14
3.760000e+10	2.787436e-14
3.764000e+10	2.787554e-14
3.768000e+10	2.787672e-14
3.772000e+10	2.787790e-14
3.776000e+10	2.787908e-14
3.780000e+10	2.788027e-14
3.784000e+10	2.788146e-14
3.788000e+10	2.788265e-14
3.792000e+10	2.788384e-14
3.796000e+10	2.788503e-14
3.800000e+10	2.788623e-14
3.804000e+10	2.788743e-14
3.808000e+10	2.788863e-14
3.812000e+10	2.788984e-14
3.816000e+10	2.789104e-14
3.820000e+10	2.789225e-14
3.824000e+10	2.789346e-14
3.828000e+10	2.789467e-14
3.832000e+10	2.789589e-14
3.836000e+10	2.789711e-14
3.840000e+10	2.789833e-14
3.844000e+10	2.789955e-14
3.848000e+10	2.790077e-14
3.852000e+10	2.790200e-14
3.856000e+10	2.790323e-14
3.860000e+10	2.790446e-14
3.864000e+10	2.790569e-14
3.868000e+10	2.790692e-14
3.872000e+10	2.790816e-14
3.876000e+10	2.790940e-14
3.880000e+10	2.791064e-14
3.884000e+10	2.791189e-14
3.888000e+10	2.791313e-14
3.892000e+10	2.791438e-14
3.896000e+10	2.791563e-14
3.900000e+10	2.791689e-14
3.904000e+10	2.791814e-14
3.908000e+10	2.791940e-14
3.912000e+10	2.792066e-14
3.916000e+10	2.792192e-14
3.920000e+10	2.792319e-14
3.924000e+10	2.792445e-14
3.928000e+10	2.792572e-14
3.932000e+10	2.792699e-14
3.936000e+10	2.792826e-14
3.940000e+10	2.792954e-14
3.944000e+10	2.793082e-14
3.948000e+10	2.793210e-14
3.952000e+10	2.793338e-14
3.956000e+10	2.793466e-14
3.960000e+10	2.793595e-14
3.964000e+10	2.793724e-14
3.968000e+10	2.793853e-14
3.972000e+10	2.793982e-14
3.976000e+10	2.794112e-14
3.980000e+10	2.794242e-14
3.984000e+10	2.794372e-14
3.988000e+10	2.794502e-14
3.992000e+10	2.794632e-14
3.996000e+10	2.794763e-14
4.000000e+10	2.794894e-14
4.004000e+10	2.795025e-14
4.008000e+10	2.795156e-14
4.012000e+10	2.795288e-14
4.016000e+10	2.795420e-14
4.020000e+10	2.795552e-14
4.024000e+10	2.795684e-14
4.028000e+10	2.795816e-14
4.032000e+10	2.795949e-14
4.036000e+10	2.796082e-14
4.040000e+10	2.796215e-14
4.044000e+10	2.796349e-14
4.048000e+10	2.796482e-14
4.052000e+10	2.796616e-14
4.056000e+10	2.796750e-14
4.060000e+10	2.796884e-14
4.064000e+10	2.797019e-14
4.068000e+10	2.797153e-14
4.072000e+10	2.797288e-14
4.076000e+10	2.797423e-14
4.080000e+10	2.797559e-14
4.084000e+10	2.797694e-14
4.088000e+10	2.797830e-14
4.092000e+10	2.797966e-14
4.096000e+10	2.798102e-14
4.100000e+10	2.798239e-14
4.104000e+10	2.798376e-14
4.108000e+10	2.798513e-14
4.112000e+10	2.798650e-14
4.116000e+10	2.798787e-14
4.120000e+10	2.798925e-14
4.124000e+10	2.799062e-14
4.128000e+10	2.799201e-14
4.132000e+10	2.799339e-14
4.136000e+10	2.799477e-14
4.140000e+10	2.799616e-14
4.144000e+10	2.799755e-14
4.148000e+10	2.799894e-14
4.152000e+10	2.800033e-14
4.156000e+10	2.800173e-14
4.160000e+10	2.800313e-14
4.164000e+10	2.800453e-14
4.168000e+10	2.800593e-14
4.172000e+10	2.800734e-14
4.176000e+10	2.800874e-14
4.180000e+10	2.801015e-14
4.184000e+10	2.801157e-14
4.188000e+10	2.801298e-14
4.192000e+10	2.801440e-14
4.196000e+10	2.801581e-14
4.200000e+10	2.801723e-14
4.204000e+10	2.801866e-14
4.208000e+10	2.802008e-14
4.212000e+10	2.802151e-14
4.216000e+10	2.802294e-14
4.220000e+10	2.802437e-14
4.224000e+10	2.802581e-14
4.228000e+10	2.802724e-14
4.232000e+10	2.802868e-14
4.236000e+10	2.803012e-14
4.240000e+10	2.803156e-14
4.244000e+10	2.803301e-14
4.248000e+10	2.803446e-14
4.252000e+10	2.803591e-14
4.256000e+10	2.803736e-14
4.260000e+10	2.803881e-14
4.264000e+10	2.804027e-14
4.268000e+10	2.804173e-14
4.272000e+10	2.804319e-14
4.276000e+10	2.804465e-14
4.280000e+10	2.804612e-14
4.284000e+10	2.804759e-14
4.288000e+10	2.804906e-14
4.292000e+10	2.805053e-14
4.296000e+10	2.805200e-14
4.300000e+10	2.805348e-14
4.304000e+10	2.805496e-14
4.308000e+10	2.805644e-14
4.312000e+10	2.805792e-14
4.316000e+10	2.805941e-14
4.320000e+10	2.806090e-14
4.324000e+10	2.806239e-14
4.328000e+10	2.806388e-14
4.332000e+10	2.806537e-14
4.336000e+10	2.806687e-14
4.340000e+10	2.806837e-14
4.344000e+10	2.806987e-14
4.348000e+10	2.807137e-14
4.352000e+10	2.807288e-14
4.356000e+10	2.807439e-14
4.360000e+10	2.807590e-14
4.364000e+10	2.807741e-14
4.368000e+10	2.807893e-14
4.372000e+10	2.808044e-14
4.376000e+10	2.808196e-14
4.380000e+10	2.808348e-14
4.384000e+10	2.808501e-14
4.388000e+10	2.808653e-14
4.392000e+10	2.808806e-14
4.396000e+10	2.808959e-14
4.400000e+10	2.809112e-14
4.404000e+10	2.809266e-14
4.408000e+10	2.809420e-14
4.412000e+10	2.809574e-14
4.416000e+10	2.809728e-14
4.420000e+10	2.809882e-14
4.424000e+10	2.810037e-14
4.428000e+10	2.810192e-14
4.432000e+10	2.810347e-14
4.436000e+10	2.810502e-14
4.440000e+10	2.810658e-14
4.444000e+10	2.810813e-14
4.448000e+10	2.810969e-14
4.452000e+10	2.811125e-14
4.456000e+10	2.811282e-14
4.460000e+10	2.811439e-14
4.464000e+10	2.811595e-14
4.468000e+10	2.811752e-14
4.472000e+10	2.811910e-14
4.476000e+10	2.812067e-14
4.480000e+10	2.812225e-14
4.484000e+10	2.812383e-14
4.488000e+10	2.812541e-14
4.492000e+10	2.812700e-14
4.496000e+10	2.812858e-14
4.500000e+10	2.813017e-14
4.504000e+10	2.813177e-14
4.508000e+10	2.813336e-14
4.512000e+10	2.813495e-14
4.516000e+10	2.813655e-14
4.520000e+10	2.813815e-14
4.524000e+10	2.813976e-14
4.528000e+10	2.814136e-14
4.532000e+10	2.814297e-14
4.536000e+10	2.814458e-14
4.540000e+10	2.814619e-14
4.544000e+10	2.814780e-14
4.548000e+10	2.814942e-14
4.552000e+10	2.815104e-14
4.556000e+10	2.815266e-14
4.560000e+10	2.815428e-14
4.564000e+10	2.815591e-14
4.568000e+10	2.815753e-14
4.572000e+10	2.815916e-14
4.576000e+10	2.816079e-14
4.580000e+10	2.816243e-14
4.584000e+10	2.816406e-14
4.588000e+10	2.816570e-14
4.592000e+10	2.816734e-14
4.596000e+10	2.816899e-14
4.600000e+10	2.817063e-14
4.604000e+10	2.817228e-14
4.608000e+10	2.817393e-14
4.612000e+10	2.817558e-14
4.616000e+10	2.817724e-14
4.620000e+10	2.817889e-14
4.624000e+10	2.818055e-14
4.628000e+10	2.818222e-14
4.632000e+10	2.818388e-14
4.636000e+10	2.818554e-14
4.640000e+10	2.818721e-14
4.644000e+10	2.818888e-14
4.648000e+10	2.819056e-14
4.652000e+10	2.819223e-14
4.656000e+10	2.819391e-14
4.660000e+10	2.819559e-14
4.664000e+10	2.819727e-14
4.668000e+10	2.819895e-14
4.672000e+10	2.820064e-14
4.676000e+10	2.820233e-14
4.680000e+10	2.820402e-14
4.684000e+10	2.820571e-14
4.688000e+10	2.820741e-14
4.692000e+10	2.820911e-14
4.696000e+10	2.821081e-14
4.700000e+10	2.821251e-14
4.704000e+10	2.821421e-14
4.708000e+10	2.821592e-14
4.712000e+10	2.821763e-14
4.716000e+10	2.821934e-14
4.720000e+10	2.822105e-14
4.724000e+10	2.822277e-14
4.728000e+10	2.822449e-14
4.732000e+10	2.822621e-14
4.736000e+10	2.822793e-14
4.740000e+10	2.822966e-14
4.744000e+10	2.823138e-14
4.748000e+10	2.823311e-14
4.752000e+10	2.823484e-14
4.756000e+10	2.823658e-14
4.760000e+10	2.823832e-14
4.764000e+10	2.824005e-14
4.768000e+10	2.824180e-14
4.772000e+10	2.824354e-14
4.776000e+10	2.824528e-14
4.780000e+10	2.824703e-14
4.784000e+10	2.824878e-14
4.788000e+10	2.825053e-14
4.792000e+10	2.825229e-14
4.796000e+10	2.825405e-14
4.800000e+10	2.825581e-14
4.804000e+10	2.825757e-14
4.808000e+10	2.825933e-14
4.812000e+10	2.826110e-14
4.816000e+10	2.826287e-14
4.820000e+10	2.826464e-14
4.824000e+10	2.826641e-14
4.828000e+10	2.826818e-14
4.832000e+10	2.826996e-14
4.836000e+10	2.827174e-14
4.840000e+10	2.827352e-14
4.844000e+10	2.827531e-14
4.848000e+10	2.827710e-14
4.852000e+10	2.827888e-14
4.856000e+10	2.828068e-14
4.860000e+10	2.828247e-14
4.864000e+10	2.828427e-14
4.868000e+10	2.828606e-14
4.872000e+10	2.828786e-14
4.876000e+10	2.828967e-14
4.880000e+10	2.829147e-14
4.884000e+10	2.829328e-14
4.888000e+10	2.829509e-14
4.892000e+10	2.829690e-14
4.896000e+10	2.829872e-14
4.900000e+10	2.830053e-14
4.904000e+10	2.830235e-14
4.908000e+10	2.830417e-14
4.912000e+10	2.830600e-14
4.916000e+10	2.830782e-14
4.920000e+10	2.830965e-14
4.924000e+10	2.831148e-14
4.928000e+10	2.831331e-14
4.932000e+10	2.831515e-14
4.936000e+10	2.831699e-14
4.940000e+10	2.831883e-14
4.944000e+10	2.832067e-14
4.948000e+10	2.832251e-14
4.952000e+10	2.832436e-14
4.956000e+10	2.832621e-14
4.960000e+10	2.832806e-14
4.964000e+10	2.832991e-14
4.968000e+10	2.833177e-14
4.972000e+10	2.833363e-14
4.976000e+10	2.833549e-14
4.980000e+10	2.833735e-14
4.984000e+10	2.833921e-14
4.988000e+10	2.834108e-14
4.992000e+10	2.834295e-14
4.996000e+10	2.834482e-14
5.000000e+10	2.834670e-14
5.004000e+10	2.834857e-14
5.008000e+10	2.835045e-14
5.012000e+10	2.835233e-14
5.016000e+10	2.835422e-14
5.020000e+10	2.835610e-14
5.024000e+10	2.835799e-14
5.028000e+10	2.835988e-14
5.032000e+10	2.836178e-14
5.036000e+10	2.836367e-14
5.040000e+10	2.836557e-14
5.044000e+10	2.836747e-14
5.048000e+10	2.836937e-14
5.052000e+10	2.837128e-14
5.056000e+10	2.837318e-14
5.060000e+10	2.837509e-14
5.064000e+10	2.837700e-14
5.068000e+10	2.837892e-14
5.072000e+10	2.838083e-14
5.076000e+10	2.838275e-14
5.080000e+10	2.838467e-14
5.084000e+10	2.838659e-14
5.088000e+10	2.838852e-14
5.092000e+10	2.839045e-14
5.096000e+10	2.839238e-14
5.100000e+10	2.839431e-14
5.104000e+10	2.839625e-14
5.108000e+10	2.839818e-14
5.112000e+10	2.840012e-14
5.116000e+10	2.840206e-14
5.120000e+10	2.840401e-14
5.124000e+10	2.840595e-14
5.128000e+10	2.840790e-14
5.132000e+10	2.840985e-14
5.136000e+10	2.841181e-14
5.140000e+10	2.841376e-14
5.144000e+10	2.841572e-14
5.148000e+10	2.841768e-14
5.152000e+10	2.841965e-14
5.156000e+10	2.842161e-14
5.160000e+10	2.842358e-14
5.164000e+10	2.842555e-14
5.168000e+10	2.842752e-14
5.172000e+10	2.842949e-14
5.176000e+10	2.843147e-14
5.180000e+10	2.843345e-14
5.184000e+10	2.843543e-14
5.188000e+10	2.843742e-14
5.192000e+10	2.843940e-14
5.196000e+10	2.844139e-14
5.200000e+10	2.844338e-14
5.204000e+10	2.844538e-14
5.208000e+10	2.844737e-14
5.212000e+10	2.844937e-14
5.216000e+10	2.845137e-14
5.220000e+10	2.845337e-14
5.224000e+10	2.845538e-14
5.228000e+10	2.845739e-14
5.232000e+10	2.845940e-14
5.236000e+10	2.846141e-14
5.240000e+10	2.846342e-14
5.244000e+10	2.846544e-14
5.248000e+10	2.846746e-14
5.252000e+10	2.846948e-14
5.256000e+10	2.847150e-14
5.260000e+10	2.847353e-14
5.264000e+10	2.847556e-14
5.268000e+10	2.847759e-14
5.272000e+10	2.847962e-14
5.276000e+10	2.848166e-14
5.280000e+10	2.848370e-14
5.284000e+10	2.848574e-14
5.288000e+10	2.848778e-14
5.292000e+10	2.848983e-14
5.296000e+10	2.849187e-14
5.300000e+10	2.849392e-14
5.304000e+10	2.849598e-14
5.308000e+10	2.849803e-14
5.312000e+10	2.850009e-14
5.316000e+10	2.850215e-14
5.320000e+10	2.850421e-14
5.324000e+10	2.850627e-14
5.328000e+10	2.850834e-14
5.332000e+10	2.851041e-14
5.336000e+10	2.851248e-14
5.340000e+10	2.851455e-14
5.344000e+10	2.851663e-14
5.348000e+10	2.851871e-14
5.352000e+10	2.852079e-14
5.356000e+10	2.852287e-14
5.360000e+10	2.852496e-14
5.364000e+10	2.852705e-14
5.368000e+10	2.852914e-14
5.372000e+10	2.853123e-14
5.376000e+10	2.853332e-14
5.380000e+10	2.853542e-14
5.384000e+10	2.853752e-14
5.388000e+10	2.853962e-14
5.392000e+10	2.854173e-14
5.396000e+10	2.854384e-14
5.400000e+10	2.854595e-14
5.404000e+10	2.854806e-14
5.408000e+10	2.855017e-14
5.412000e+10	2.855229e-14
5.416000e+10	2.855441e-14
5.420000e+10	2.855653e-14
5.424000e+10	2.855865e-14
5.428000e+10	2.856078e-14
5.432000e+10	2.856291e-14
5.436000e+10	2.856504e-14
5.440000e+10	2.856717e-14
5.444000e+10	2.856931e-14
5.448000e+10	2.857145e-14
5.452000e+10	2.857359e-14
5.456000e+10	2.857573e-14
5.460000e+10	2.857788e-14
5.464000e+10	2.858002e-14
5.468000e+10	2.858217e-14
5.472000e+10	2.858433e-14
5.476000e+10	2.858648e-14
5.480000e+10	2.858864e-14
5.484000e+10	2.859080e-14
5.488000e+10	2.859296e-14
5.492000e+10	2.859513e-14
5.496000e+10	2.859729e-14
5.500000e+10	2.859946e-14
5.504000e+10	2.860163e-14
5.508000e+10	2.860381e-14
5.512000e+10	2.860599e-14
5.516000e+10	2.860817e-14
5.520000e+10	2.861035e-14
5.524000e+10	2.861253e-14
5.528000e+10	2.861472e-14
5.532000e+10	2.861691e-14
5.536000e+10	2.861910e-14
5.540000e+10	2.862129e-14
5.544000e+10	2.862349e-14
5.548000e+10	2.862569e-14
5.552000e+10	2.862789e-14
5.556000e+10	2.863009e-14
5.560000e+10	2.863230e-14
5.564000e+10	2.863450e-14
5.568000e+10	2.863671e-14
5.572000e+10	2.863893e-14
5.576000e+10	2.864114e-14
5.580000e+10	2.864336e-14
5.584000e+10	2.864558e-14
5.588000e+10	2.864780e-14
5.592000e+10	2.865003e-14
5.596000e+10	2.865226e-14
5.600000e+10	2.865449e-14
5.604000e+10	2.865672e-14
5.608000e+10	2.865896e-14
5.612000e+10	2.866119e-14
5.616000e+10	2.866343e-14
5.620000e+10	2.866568e-14
5.624000e+10	2.866792e-14
5.628000e+10	2.867017e-14
5.632000e+10	2.867242e-14
5.636000e+10	2.867467e-14
5.640000e+10	2.867692e-14
5.644000e+10	2.867918e-14
5.648000e+10	2.868144e-14
5.652000e+10	2.868370e-14
5.656000e+10	2.868597e-14
5.660000e+10	2.868823e-14
5.664000e+10	2.869050e-14
5.668000e+10	2.869277e-14
5.672000e+10	2.869505e-14
5.676000e+10	2.869732e-14
5.680000e+10	2.869960e-14
5.684000e+10	2.870188e-14
5.688000e+10	2.870417e-14
5.692000e+10	2.870646e-14
5.696000e+10	2.870874e-14
5.700000e+10	2.871104e-14
5.704000e+10	2.871333e-14
5.708000e+10	2.871563e-14
5.712000e+10	2.871792e-14
5.716000e+10	2.872023e-14
5.720000e+10	2.872253e-14
5.724000e+10	2.872484e-14
5.728000e+10	2.872714e-14
5.732000e+10	2.872945e-14
5.736000e+10	2.873177e-14
5.740000e+10	2.873408e-14
5.744000e+10	2.873640e-14
5.748000e+10	2.873872e-14
5.752000e+10	2.874105e-14
5.756000e+10	2.874337e-14
5.760000e+10	2.874570e-14
5.764000e+10	2.874803e-14
5.768000e+10	2.875037e-14
5.772000e+10	2.875270e-14
5.776000e+10	2.875504e-14
5.780000e+10	2.875738e-14
5.784000e+10	2.875972e-14
5.788000e+10	2.876207e-14
5.792000e+10	2.876442e-14
5.796000e+10	2.876677e-14
5.800000e+10	2.876912e-14
5.804000e+10	2.877148e-14
5.808000e+10	2.877383e-14
5.812000e+10	2.877620e-14
5.816000e+10	2.877856e-14
5.820000e+10	2.878092e-14
5.824000e+10	2.878329e-14
5.828000e+10	2.878566e-14
5.832000e+10	2.878804e-14
5.836000e+10	2.879041e-14
5.840000e+10	2.879279e-14
5.844000e+10	2.879517e-14
5.848000e+10	2.879755e-14
5.852000e+10	2.879994e-14
5.856000e+10	2.880233e-14
5.860000e+10	2.880472e-14
5.864000e+10	2.880711e-14
5.868000e+10	2.880951e-14
5.872000e+10	2.881190e-14
5.876000e+10	2.881430e-14
5.880000e+10	2.881671e-14
5.884000e+10	2.881911e-14
5.888000e+10	2.882152e-14
5.892000e+10	2.882393e-14
5.896000e+10	2.882634e-14
5.900000e+10	2.882876e-14
5.904000e+10	2.883118e-14
5.908000e+10	2.883360e-14
5.912000e+10	2.883602e-14
5.916000e+10	2.883845e-14
5.920000e+10	2.884088e-14
5.924000e+10	2.884331e-14
5.928000e+10	2.884574e-14
5.932000e+10	2.884818e-14
5.936000e+10	2.885061e-14
5.940000e+10	2.885305e-14
5.944000e+10	2.885550e-14
5.948000e+10	2.885794e-14
5.952000e+10	2.886039e-14
5.956000e+10	2.886284e-14
5.960000e+10	2.886530e-14
5.964000e+10	2.886775e-14
5.968000e+10	2.887021e-14
5.972000e+10	2.887267e-14
5.976000e+10	2.887514e-14
5.980000e+10	2.887760e-14
5.984000e+10	2.888007e-14
5.988000e+10	2.888254e-14
5.992000e+10	2.888502e-14
5.996000e+10	2.888749e-14
6.000000e+10	2.888997e-14
6.004000e+10	2.889245e-14
6.008000e+10	2.889494e-14
6.012000e+10	2.889742e-14
6.016000e+10	2.889991e-14
6.020000e+10	2.890240e-14
6.024000e+10	2.890490e-14
6.028000e+10	2.890739e-14
6.032000e+10	2.890989e-14
6.036000e+10	2.891239e-14
6.040000e+10	2.891490e-14
6.044000e+10	2.891741e-14
6.048000e+10	2.891991e-14
6.052000e+10	2.892243e-14
6.056000e+10	2.892494e-14
6.060000e+10	2.892746e-14
6.064000e+10	2.892998e-14
6.068000e+10	2.893250e-14
6.072000e+10	2.893502e-14
6.076000e+10	2.893755e-14
6.080000e+10	2.894008e-14
6.084000e+10	2.894261e-14
6.088000e+10	2.894515e-14
6.092000e+10	2.894769e-14
6.096000e+10	2.895023e-14
6.100000e+10	2.895277e-14
6.104000e+10	2.895532e-14
6.108000e+10	2.895786e-14
6.112000e+10	2.896041e-14
6.116000e+10	2.896297e-14
6.120000e+10	2.896552e-14
6.124000e+10	2.896808e-14
6.128000e+10	2.897064e-14
6.132000e+10	2.897320e-14
6.136000e+10	2.897577e-14
6.140000e+10	2.897834e-14
6.144000e+10	2.898091e-14
6.148000e+10	2.898348e-14
6.152000e+10	2.898606e-14
6.156000e+10	2.898864e-14
6.160000e+10	2.899122e-14
6.164000e+10	2.899380e-14
6.168000e+10	2.899639e-14
6.172000e+10	2.899898e-14
6.176000e+10	2.900157e-14
6.180000e+10	2.900417e-14
6.184000e+10	2.900676e-14
6.188000e+10	2.900936e-14
6.192000e+10	2.901196e-14
6.196000e+10	2.901457e-14
6.200000e+10	2.901718e-14
6.204000e+10	2.901979e-14
6.208000e+10	2.902240e-14
6.212000e+10	2.902501e-14
6.216000e+10	2.902763e-14
6.220000e+10	2.903025e-14
6.224000e+10	2.903288e-14
6.228000e+10	2.903550e-14
6.232000e+10	2.903813e-14
6.236000e+10	2.904076e-14
6.240000e+10	2.904339e-14
6.244000e+10	2.904603e-14
6.248000e+10	2.904867e-14
6.252000e+10	2.905131e-14
6.256000e+10	2.905395e-14
6.260000e+10	2.905660e-14
6.264000e+10	2.905925e-14
6.268000e+10	2.906190e-14
6.272000e+10	2.906456e-14
6.276000e+10	2.906721e-14
6.280000e+10	2.906987e-14
6.284000e+10	2.907253e-14
6.288000e+10	2.907520e-14
6.292000e+10	2.907787e-14
6.296000e+10	2.908054e-14
6.300000e+10	2.908321e-14
6.304000e+10	2.908589e-14
6.308000e+10	2.908856e-14
6.312000e+10	2.909124e-14
6.316000e+10	2.909393e-14
6.320000e+10	2.909661e-14
6.324000e+10	2.909930e-14
6.328000e+10	2.910199e-14
6.332000e+10	2.910469e-14
6.336000e+10	2.910738e-14
6.340000e+10	2.911008e-14
6.344000e+10	2.911279e-14
6.348000e+10	2.911549e-14
6.352000e+10	2.911820e-14
6.356000e+10	2.912091e-14
6.360000e+10	2.912362e-14
6.364000e+10	2.912634e-14
6.368000e+10	2.912905e-14
6.372000e+10	2.913177e-14
6.376000e+10	2.913450e-14
6.380000e+10	2.913722e-14
6.384000e+10	2.913995e-14
6.388000e+10	2.914268e-14
6.392000e+10	2.914542e-14
6.396000e+10	2.914815e-14
6.400000e+10	2.915089e-14
6.404000e+10	2.915363e-14
6.408000e+10	2.915638e-14
6.412000e+10	2.915912e-14
6.416000e+10	2.916187e-14
6.420000e+10	2.916463e-14
6.424000e+10	2.916738e-14
6.428000e+10	2.917014e-14
6.432000e+10	2.917290e-14
6.436000e+10	2.917566e-14
6.440000e+10	2.917843e-14
6.444000e+10	2.918120e-14
6.448000e+10	2.918397e-14
6.452000e+10	2.918674e-14
6.456000e+10	2.918952e-14
6.460000e+10	2.919230e-14
6.464000e+10	2.919508e-14
6.468000e+10	2.919787e-14
6.472000e+10	2.920065e-14
6.476000e+10	2.920344e-14
6.480000e+10	2.920624e-14
6.484000e+10	2.920903e-14
6.488000e+10	2.921183e-14
6.492000e+10	2.921463e-14
6.496000e+10	2.921743e-14
6.500000e+10	2.922024e-14
6.504000e+10	2.922305e-14
6.508000e+10	2.922586e-14
6.512000e+10	2.922868e-14
6.516000e+10	2.923149e-14
6.520000e+10	2.923431e-14
6.524000e+10	2.923714e-14
6.528000e+10	2.923996e-14
6.532000e+10	2.924279e-14
6.536000e+10	2.924562e-14
6.540000e+10	2.924845e-14
6.544000e+10	2.925129e-14
6.548000e+10	2.925413e-14
6.552000e+10	2.925697e-14
6.556000e+10	2.925981e-14
6.560000e+10	2.926266e-14
6.564000e+10	2.926551e-14
6.568000e+10	2.926836e-14
6.572000e+10	2.927122e-14
6.576000e+10	2.927408e-14
6.580000e+10	2.927694e-14
6.584000e+10	2.927980e-14
6.588000e+10	2.928267e-14
6.592000e+10	2.928554e-14
6.596000e+10	2.928841e-14
6.600000e+10	2.929128e-14
6.604000e+10	2.929416e-14
6.608000e+10	2.929704e-14
6.612000e+10	2.929992e-14
6.616000e+10	2.930281e-14
6.620000e+10	2.930569e-14
6.624000e+10	2.930859e-14
6.628000e+10	2.931148e-14
6.632000e+10	2.931438e-14
6.636000e+10	2.931727e-14
6.640000e+10	2.932018e-14
6.644000e+10	2.932308e-14
6.648000e+10	2.932599e-14
6.652000e+10	2.932890e-14
6.656000e+10	2.933181e-14
6.660000e+10	2.933473e-14
6.664000e+10	2.933765e-14
6.668000e+10	2.934057e-14
6.672000e+10	2.934349e-14
6.676000e+10	2.934642e-14
6.680000e+10	2.934935e-14
6.684000e+10	2.935228e-14
6.688000e+10	2.935521e-14
6.692000e+10	2.935815e-14
6.696000e+10	2.936109e-14
6.700000e+10	2.936404e-14
6.704000e+10	2.936698e-14
6.708000e+10	2.936993e-14
6.712000e+10	2.937288e-14
6.716000e+10	2.937584e-14
6.720000e+10	2.937879e-14
6.724000e+10	2.938175e-14
6.728000e+10	2.938472e-14
6.732000e+10	2.938768e-14
6.736000e+10	2.939065e-14
6.740000e+10	2.939362e-14
6.744000e+10	2.939660e-14
6.748000e+10	2.939957e-14
6.752000e+10	2.940255e-14
6.756000e+10	2.940554e-14
6.760000e+10	2.940852e-14
6.764000e+10	2.941151e-14
6.768000e+10	2.941450e-14
6.772000e+10	2.941749e-14
6.776000e+10	2.942049e-14
6.780000e+10	2.942349e-14
6.784000e+10	2.942649e-14
6.788000e+10	2.942950e-14
6.792000e+10	2.943250e-14
6.796000e+10	2.943551e-14
6.800000e+10	2.943853e-14
6.804000e+10	2.944154e-14
6.808000e+10	2.944456e-14
6.812000e+10	2.944759e-14
6.816000e+10	2.945061e-14
6.820000e+10	2.945364e-14
6.824000e+10	2.945667e-14
6.828000e+10	2.945970e-14
6.832000e+10	2.946274e-14
6.836000e+10	2.946578e-14
6.840000e+10	2.946882e-14
6.844000e+10	2.947186e-14
6.848000e+10	2.947491e-14
6.852000e+10	2.947796e-14
6.856000e+10	2.948101e-14
6.860000e+10	2.948407e-14
6.864000e+10	2.948713e-14
6.868000e+10	2.949019e-14
6.872000e+10	2.949325e-14
6.876000e+10	2.949632e-14
6.880000e+10	2.949939e-14
6.884000e+10	2.950246e-14
6.888000e+10	2.950554e-14
6.892000e+10	2.950862e-14
6.896000e+10	2.951170e-14
6.900000e+10	2.951478e-14
6.904000e+10	2.951787e-14
6.908000e+10	2.952096e-14
6.912000e+10	2.952405e-14
6.916000e+10	2.952715e-14
6.920000e+10	2.953025e-14
6.924000e+10	2.953335e-14
6.928000e+10	2.953645e-14
6.932000e+10	2.953956e-14
6.936000e+10	2.954267e-14
6.940000e+10	2.954578e-14
6.944000e+10	2.954890e-14
6.948000e+10	2.955202e-14
6.952000e+10	2.955514e-14
6.956000e+10	2.955827e-14
6.960000e+10	2.956139e-14
6.964000e+10	2.956452e-14
6.968000e+10	2.956766e-14
6.972000e+10	2.957079e-14
6.976000e+10	2.957393e-14
6.980000e+10	2.957707e-14
6.984000e+10	2.958022e-14
6.988000e+10	2.958337e-14
6.992000e+10	2.958652e-14
6.996000e+10	2.958967e-14
7.000000e+10	2.959283e-14
7.004000e+10	2.959599e-14
7.008000e+10	2.959915e-14
7.012000e+10	2.960231e-14
7.016000e+10	2.960548e-14
7.020000e+10	2.960865e-14
7.024000e+10	2.961183e-14
7.028000e+10	2.961500e-14
7.032000e+10	2.961818e-14
7.036000e+10	2.962137e-14
7.040000e+10	2.962455e-14
7.044000e+10	2.962774e-14
7.048000e+10	2.963093e-14
7.052000e+10	2.963413e-14
7.056000e+10	2.963732e-14
7.060000e+10	2.964052e-14
7.064000e+10	2.964373e-14
7.068000e+10	2.964693e-14
7.072000e+10	2.965014e-14
7.076000e+10	2.965335e-14
7.080000e+10	2.965657e-14
7.084000e+10	2.965979e-14
7.088000e+10	2.966301e-14
7.092000e+10	2.966623e-14
7.096000e+10	2.966946e-14
7.100000e+10	2.967269e-14
7.104000e+10	2.967592e-14
7.108000e+10	2.967915e-14
7.112000e+10	2.968239e-14
7.116000e+10	2.968563e-14
7.120000e+10	2.968888e-14
7.124000e+10	2.969213e-14
7.128000e+10	2.969538e-14
7.132000e+10	2.969863e-14
7.136000e+10	2.970188e-14
7.140000e+10	2.970514e-14
7.144000e+10	2.970841e-14
7.148000e+10	2.971167e-14
7.152000e+10	2.971494e-14
7.156000e+10	2.971821e-14
7.160000e+10	2.972148e-14
7.164000e+10	2.972476e-14
7.168000e+10	2.972804e-14
7.172000e+10	2.973132e-14
7.176000e+10	2.973461e-14
7.180000e+10	2.973790e-14
7.184000e+10	2.974119e-14
7.188000e+10	2.974449e-14
7.192000e+10	2.974778e-14
7.196000e+10	2.975108e-14
7.200000e+10	2.975439e-14
7.204000e+10	2.975769e-14
7.208000e+10	2.976100e-14
7.212000e+10	2.976432e-14
7.216000e+10	2.976763e-14
7.220000e+10	2.977095e-14
7.224000e+10	2.977427e-14
7.228000e+10	2.977760e-14
7.232000e+10	2.978093e-14
7.236000e+10	2.978426e-14
7.240000e+10	2.978759e-14
7.244000e+10	2.979093e-14
7.248000e+10	2.979427e-14
7.252000e+10	2.979761e-14
7.256000e+10	2.980096e-14
7.260000e+10	2.980431e-14
7.264000e+10	2.980766e-14
7.268000e+10	2.981101e-14
7.272000e+10	2.981437e-14
7.276000e+10	2.981773e-14
7.280000e+10	2.982110e-14
7.284000e+10	2.982446e-14
7.288000e+10	2.982783e-14
7.292000e+10	2.983121e-14
7.296000e+10	2.983458e-14
7.300000e+10	2.983796e-14
7.304000e+10	2.984135e-14
7.308000e+10	2.984473e-14
7.312000e+10	2.984812e-14
7.316000e+10	2.985151e-14
7.320000e+10	2.985490e-14
7.324000e+10	2.985830e-14
7.328000e+10	2.986170e-14
7.332000e+10	2.986511e-14
7.336000e+10	2.986851e-14
7.340000e+10	2.987192e-14
7.344000e+10	2.987534e-14
7.348000e+10	2.987875e-14
7.352000e+10	2.988217e-14
7.356000e+10	2.988559e-14
7.360000e+10	2.988902e-14
7.364000e+10	2.989245e-14
7.368000e+10	2.989588e-14
7.372000e+10	2.989931e-14
7.376000e+10	2.990275e-14
7.380000e+10	2.990619e-14
7.384000e+10	2.990963e-14
7.388000e+10	2.991308e-14
7.392000e+10	2.991653e-14
7.396000e+10	2.991998e-14
7.400000e+10	2.992344e-14
7.404000e+10	2.992690e-14
7.408000e+10	2.993036e-14
7.412000e+10	2.993383e-14
7.416000e+10	2.993729e-14
7.420000e+10	2.994077e-14
7.424000e+10	2.994424e-14
7.428000e+10	2.994772e-14
7.432000e+10	2.995120e-14
7.436000e+10	2.995468e-14
7.440000e+10	2.995817e-14
7.444000e+10	2.996166e-14
7.448000e+10	2.996515e-14
7.452000e+10	2.996865e-14
7.456000e+10	2.997215e-14
7.460000e+10	2.997565e-14
7.464000e+10	2.997916e-14
7.468000e+10	2.998267e-14
7.472000e+10	2.998618e-14
7.476000e+10	2.998969e-14
7.480000e+10	2.999321e-14
7.484000e+10	2.999673e-14
7.488000e+10	3.000026e-14
7.492000e+10	3.000379e-14
7.496000e+10	3.000732e-14
7.500000e+10	3.001085e-14
7.504000e+10	3.001439e-14
7.508000e+10	3.001793e-14
7.512000e+10	3.002147e-14
7.516000e+10	3.002502e-14
7.520000e+10	3.002857e-14
7.524000e+10	3.003212e-14
7.528000e+10	3.003568e-14
7.532000e+10	3.003923e-14
7.536000e+10	3.004280e-14
7.540000e+10	3.004636e-14
7.544000e+10	3.004993e-14
7.548000e+10	3.005350e-14
7.552000e+10	3.005708e-14
7.556000e+10	3.006066e-14
7.560000e+10	3.006424e-14
7.564000e+10	3.006782e-14
7.568000e+10	3.007141e-14
7.572000e+10	3.007500e-14
7.576000e+10	3.007859e-14
7.580000e+10	3.008219e-14
7.584000e+10	3.008579e-14
7.588000e+10	3.008940e-14
7.592000e+10	3.009300e-14
7.596000e+10	3.009661e-14
7.600000e+10	3.010023e-14
7.604000e+10	3.010384e-14
7.608000e+10	3.010746e-14
7.612000e+10	3.011108e-14
7.616000e+10	3.011471e-14
7.620000e+10	3.011834e-14
7.624000e+10	3.012197e-14
7.628000e+10	3.012561e-14
7.632000e+10	3.012925e-14
7.636000e+10	3.013289e-14
7.640000e+10	3.013653e-14
7.644000e+10	3.014018e-14
7.648000e+10	3.014383e-14
7.652000e+10	3.014749e-14
7.656000e+10	3.015115e-14
7.660000e+10	3.015481e-14
7.664000e+10	3.015847e-14
7.668000e+10	3.016214e-14
7.672000e+10	3.016581e-14
7.676000e+10	3.016949e-14
7.680000e+10	3.017316e-14
7.684000e+10	3.017684e-14
7.688000e+10	3.018053e-14
7.692000e+10	3.018422e-14
7.696000e+10	3.018791e-14
7.700000e+10	3.019160e-14
7.704000e+10	3.019530e-14
7.708000e+10	3.019900e-14
7.712000e+10	3.020270e-14
7.716000e+10	3.020641e-14
7.720000e+10	3.021012e-14
7.724000e+10	3.021383e-14
7.728000e+10	3.021755e-14
7.732000e+10	3.022127e-14
7.736000e+10	3.022499e-14
7.740000e+10	3.022872e-14
7.744000e+10	3.023245e-14
7.748000e+10	3.023618e-14
7.752000e+10	3.023992e-14
7.756000e+10	3.024366e-14
7.760000e+10	3.024740e-14
7.764000e+10	3.025115e-14
7.768000e+10	3.025489e-14
7.772000e+10	3.025865e-14
7.776000e+10	3.026240e-14
7.780000e+10	3.026616e-14
7.784000e+10	3.026993e-14
7.788000e+10	3.027369e-14
7.792000e+10	3.027746e-14
7.796000e+10	3.028123e-14
7.800000e+10	3.028501e-14
7.804000e+10	3.028879e-14
7.808000e+10	3.029257e-14
7.812000e+10	3.029636e-14
7.816000e+10	3.030015e-14
7.820000e+10	3.030394e-14
7.824000e+10	3.030773e-14
7.828000e+10	3.031153e-14
7.832000e+10	3.031533e-14
7.836000e+10	3.031914e-14
7.840000e+10	3.032295e-14
7.844000e+10	3.032676e-14
7.848000e+10	3.033058e-14
7.852000e+10	3.033440e-14
7.856000e+10	3.033822e-14
7.860000e+10	3.034204e-14
7.864000e+10	3.034587e-14
7.868000e+10	3.034971e-14
7.872000e+10	3.035354e-14
7.876000e+10	3.035738e-14
7.880000e+10	3.036122e-14
7.884000e+10	3.036507e-14
7.888000e+10	3.036892e-14
7.892000e+10	3.037277e-14
7.896000e+10	3.037663e-14
7.900000e+10	3.038049e-14
7.904000e+10	3.038435e-14
7.908000e+10	3.038821e-14
7.912000e+10	3.039208e-14
7.916000e+10	3.039596e-14
7.920000e+10	3.039983e-14
7.924000e+10	3.040371e-14
7.928000e+10	3.040760e-14
7.932000e+10	3.041148e-14
7.936000e+10	3.041537e-14
7.940000e+10	3.041926e-14
7.944000e+10	3.042316e-14
7.948000e+10	3.042706e-14
7.952000e+10	3.043096e-14
7.956000e+10	3.043487e-14
7.960000e+10	3.043878e-14
7.964000e+10	3.044269e-14
7.968000e+10	3.044661e-14
7.972000e+10	3.045053e-14
7.976000e+10	3.045446e-14
7.980000e+10	3.045838e-14
7.984000e+10	3.046231e-14
7.988000e+10	3.046625e-14
7.992000e+10	3.047019e-14
7.996000e+10	3.047413e-14
8.000000e+10	3.047807e-14
8.004000e+10	3.048202e-14
8.008000e+10	3.048597e-14
8.012000e+10	3.048992e-14
8.016000e+10	3.049388e-14
8.020000e+10	3.049784e-14
8.024000e+10	3.050181e-14
8.028000e+10	3.050578e-14
8.032000e+10	3.050975e-14
8.036000e+10	3.051372e-14
8.040000e+10	3.051770e-14
8.044000e+10	3.052168e-14
8.048000e+10	3.052567e-14
8.052000e+10	3.052966e-14
8.056000e+10	3.053365e-14
8.060000e+10	3.053765e-14
8.064000e+10	3.054165e-14
8.068000e+10	3.054565e-14
8.072000e+10	3.054966e-14
8.076000e+10	3.055367e-14
8.080000e+10	3.055768e-14
8.084000e+10	3.056170e-14
8.088000e+10	3.056572e-14
8.092000e+10	3.056974e-14
8.096000e+10	3.057377e-14
8.100000e+10	3.057780e-14
8.104000e+10	3.058183e-14
8.108000e+10	3.058587e-14
8.112000e+10	3.058991e-14
8.116000e+10	3.059396e-14
8.120000e+10	3.059801e-14
8.124000e+10	3.060206e-14
8.128000e+10	3.060611e-14
8.132000e+10	3.061017e-14
8.136000e+10	3.061423e-14
8.140000e+10	3.061830e-14
8.144000e+10	3.062237e-14
8.148000e+10	3.062644e-14
8.152000e+10	3.063052e-14
8.156000e+10	3.063460e-14
8.160000e+10	3.063868e-14
8.164000e+10	3.064277e-14
8.168000e+10	3.064686e-14
8.172000e+10	3.065095e-14
8.176000e+10	3.065505e-14
8.180000e+10	3.065915e-14
8.184000e+10	3.066326e-14
8.188000e+10	3.066737e-14
8.192000e+10	3.067148e-14
8.196000e+10	3.067559e-14
8.200000e+10	3.067971e-14
8.204000e+10	3.068383e-14
8.208000e+10	3.068796e-14
8.212000e+10	3.069209e-14
8.216000e+10	3.069622e-14
8.220000e+10	3.070036e-14
8.224000e+10	3.070450e-14
8.228000e+10	3.070864e-14
8.232000e+10	3.071279e-14
8.236000e+10	3.071694e-14
8.240000e+10	3.072110e-14
8.244000e+10	3.072526e-14
8.248000e+10	3.072942e-14
8.252000e+10	3.073358e-14
8.256000e+10	3.073775e-14
8.260000e+10	3.074193e-14
8.264000e+10	3.074610e-14
8.268000e+10	3.075028e-14
8.272000e+10	3.075447e-14
8.276000e+10	3.075865e-14
8.280000e+10	3.076284e-14
8.284000e+10	3.076704e-14
8.288000e+10	3.077124e-14
8.292000e+10	3.077544e-14
8.296000e+10	3.077964e-14
8.300000e+10	3.078385e-14
8.304000e+10	3.078806e-14
8.308000e+10	3.079228e-14
8.312000e+10	3.079650e-14
8.316000e+10	3.080072e-14
8.320000e+10	3.080495e-14
8.324000e+10	3.080918e-14
8.328000e+10	3.081341e-14
8.332000e+10	3.081765e-14
8.336000e+10	3.082189e-14
8.340000e+10	3.082614e-14
8.344000e+10	3.083039e-14
8.348000e+10	3.083464e-14
8.352000e+10	3.083890e-14
8.356000e+10	3.084316e-14
8.360000e+10	3.084742e-14
8.364000e+10	3.085169e-14
8.368000e+10	3.085596e-14
8.372000e+10	3.086023e-14
8.376000e+10	3.086451e-14
8.380000e+10	3.086879e-14
8.384000e+10	3.087308e-14
8.388000e+10	3.087737e-14
8.392000e+10	3.088166e-14
8.396000e+10	3.088596e-14
8.400000e+10	3.089026e-14
8.404000e+10	3.089456e-14
8.408000e+10	3.089887e-14
8.412000e+10	3.090318e-14
8.416000e+10	3.090750e-14
8.420000e+10	3.091182e-14
8.424000e+10	3.091614e-14
8.428000e+10	3.092046e-14
8.432000e+10	3.092480e-14
8.436000e+10	3.092913e-14
8.440000e+10	3.093347e-14
8.444000e+10	3.093781e-14
8.448000e+10	3.094215e-14
8.452000e+10	3.094650e-14
8.456000e+10	3.095085e-14
8.460000e+10	3.095521e-14
8.464000e+10	3.095957e-14
8.468000e+10	3.096393e-14
8.472000e+10	3.096830e-14
8.476000e+10	3.097267e-14
8.480000e+10	3.097705e-14
8.484000e+10	3.098143e-14
8.488000e+10	3.098581e-14
8.492000e+10	3.099019e-14
8.496000e+10	3.099458e-14
8.500000e+10	3.099898e-14
8.504000e+10	3.100338e-14
8.508000e+10	3.100778e-14
8.512000e+10	3.101218e-14
8.516000e+10	3.101659e-14
8.520000e+10	3.102100e-14
8.524000e+10	3.102542e-14
8.528000e+10	3.102984e-14
8.532000e+10	3.103426e-14
8.536000e+10	3.103869e-14
8.540000e+10	3.104312e-14
8.544000e+10	3.104756e-14
8.548000e+10	3.105200e-14
8.552000e+10	3.105644e-14
8.556000e+10	3.106089e-14
8.560000e+10	3.106534e-14
8.564000e+10	3.106979e-14
8.568000e+10	3.107425e-14
8.572000e+10	3.107871e-14
8.576000e+10	3.108318e-14
8.580000e+10	3.108765e-14
8.584000e+10	3.109212e-14
8.588000e+10	3.109660e-14
8.592000e+10	3.110108e-14
8.596000e+10	3.110557e-14
8.600000e+10	3.111006e-14
8.604000e+10	3.111455e-14
8.608000e+10	3.111905e-14
8.612000e+10	3.112355e-14
8.616000e+10	3.112805e-14
8.620000e+10	3.113256e-14
8.624000e+10	3.113707e-14
8.628000e+10	3.114159e-14
8.632000e+10	3.114611e-14
8.636000e+10	3.115063e-14
8.640000e+10	3.115516e-14
8.644000e+10	3.115969e-14
8.648000e+10	3.116422e-14
8.652000e+10	3.116876e-14
8.656000e+10	3.117331e-14
8.660000e+10	3.117785e-14
8.664000e+10	3.118240e-14
8.668000e+10	3.118696e-14
8.672000e+10	3.119152e-14
8.676000e+10	3.119608e-14
8.680000e+10	3.120065e-14
8.684000e+10	3.120522e-14
8.688000e+10	3.120979e-14
8.692000e+10	3.121437e-14
8.696000e+10	3.121895e-14
8.700000e+10	3.122354e-14
8.704000e+10	3.122813e-14
8.708000e+10	3.123272e-14
8.712000e+10	3.123732e-14
8.716000e+10	3.124192e-14
8.720000e+10	3.124653e-14
8.724000e+10	3.125114e-14
8.728000e+10	3.125575e-14
8.732000e+10	3.126037e-14
8.736000e+10	3.126499e-14
8.740000e+10	3.126962e-14
8.744000e+10	3.127425e-14
8.748000e+10	3.127888e-14
8.752000e+10	3.128352e-14
8.756000e+10	3.128816e-14
8.760000e+10	3.129280e-14
8.764000e+10	3.129745e-14
8.768000e+10	3.130211e-14
8.772000e+10	3.130676e-14
8.776000e+10	3.131143e-14
8.780000e+10	3.131609e-14
8.784000e+10	3.132076e-14
8.788000e+10	3.132543e-14
8.792000e+10	3.133011e-14
8.796000e+10	3.133479e-14
8.800000e+10	3.133948e-14
8.804000e+10	3.134417e-14
8.808000e+10	3.134886e-14
8.812000e+10	3.135356e-14
8.816000e+10	3.135826e-14
8.820000e+10	3.136296e-14
8.824000e+10	3.136767e-14
8.828000e+10	3.137239e-14
8.832000e+10	3.137710e-14
8.836000e+10	3.138182e-14
8.840000e+10	3.138655e-14
8.844000e+10	3.139128e-14
8.848000e+10	3.139601e-14
8.852000e+10	3.140075e-14
8.856000e+10	3.140549e-14
8.860000e+10	3.141024e-14
8.864000e+10	3.141499e-14
8.868000e+10	3.141974e-14
8.872000e+10	3.142450e-14
8.876000e+10	3.142926e-14
8.880000e+10	3.143403e-14
8.884000e+10	3.143880e-14
8.888000e+10	3.144357e-14
8.892000e+10	3.144835e-14
8.896000e+10	3.145313e-14
8.900000e+10	3.145792e-14
8.904000e+10	3.146271e-14
8.908000e+10	3.146750e-14
8.912000e+10	3.147230e-14
8.916000e+10	3.147711e-14
8.920000e+10	3.148191e-14
8.924000e+10	3.148672e-14
8.928000e+10	3.149154e-14
8.932000e+10	3.149636e-14
8.936000e+10	3.150118e-14
8.940000e+10	3.150601e-14
8.944000e+10	3.151084e-14
8.948000e+10	3.151568e-14
8.952000e+10	3.152052e-14
8.956000e+10	3.152536e-14
8.960000e+10	3.153021e-14
8.964000e+10	3.153506e-14
8.968000e+10	3.153992e-14
8.972000e+10	3.154478e-14
8.976000e+10	3.154964e-14
8.980000e+10	3.155451e-14
8.984000e+10	3.155939e-14
8.988000e+10	3.156426e-14
8.992000e+10	3.156914e-14
8.996000e+10	3.157403e-14
9.000000e+10	3.157892e-14
9.004000e+10	3.158381e-14
9.008000e+10	3.158871e-14
9.012000e+10	3.159361e-14
9.016000e+10	3.159852e-14
9.020000e+10	3.160343e-14
9.024000e+10	3.160835e-14
9.028000e+10	3.161326e-14
9.032000e+10	3.161819e-14
9.036000e+10	3.162312e-14
9.040000e+10	3.162805e-14
9.044000e+10	3.163298e-14
9.048000e+10	3.163792e-14
9.052000e+10	3.164287e-14
9.056000e+10	3.164782e-14
9.060000e+10	3.165277e-14
9.064000e+10	3.165773e-14
9.068000e+10	3.166269e-14
9.072000e+10	3.166765e-14
9.076000e+10	3.167262e-14
9.080000e+10	3.167760e-14
9.084000e+10	3.168258e-14
9.088000e+10	3.168756e-14
9.092000e+10	3.169254e-14
9.096000e+10	3.169754e-14
9.100000e+10	3.170253e-14
9.104000e+10	3.170753e-14
9.108000e+10	3.171253e-14
9.112000e+10	3.171754e-14
9.116000e+10	3.172256e-14
9.120000e+10	3.172757e-14
9.124000e+10	3.173259e-14
9.128000e+10	3.173762e-14
9.132000e+10	3.174265e-14
9.136000e+10	3.174768e-14
9.140000e+10	3.175272e-14
9.144000e+10	3.175776e-14
9.148000e+10	3.176281e-14
9.152000e+10	3.176786e-14
9.156000e+10	3.177292e-14
9.160000e+10	3.177798e-14
9.164000e+10	3.178304e-14
9.168000e+10	3.178811e-14
9.172000e+10	3.179318e-14
9.176000e+10	3.179826e-14
9.180000e+10	3.180334e-14
9.184000e+10	3.180843e-14
9.188000e+10	3.181352e-14
9.192000e+10	3.181861e-14
9.196000e+10	3.182371e-14
9.200000e+10	3.182881e-14
9.204000e+10	3.183392e-14
9.208000e+10	3.183903e-14
9.212000e+10	3.184415e-14
9.216000e+10	3.184927e-14
9.220000e+10	3.185439e-14
9.224000e+10	3.185952e-14
9.228000e+10	3.186466e-14
9.232000e+10	3.186979e-14
9.236000e+10	3.187494e-14
9.240000e+10	3.188008e-14
9.244000e+10	3.188524e-14
9.248000e+10	3.189039e-14
9.252000e+10	3.189555e-14
9.256000e+10	3.190072e-14
9.260000e+10	3.190588e-14
9.264000e+10	3.191106e-14
9.268000e+10	3.191624e-14
9.272000e+10	3.192142e-14
9.276000e+10	3.192661e-14
9.280000e+10	3.193180e-14
9.284000e+10	3.193699e-14
9.288000e+10	3.194219e-14
9.292000e+10	3.194740e-14
9.296000e+10	3.195261e-14
9.300000e+10	3.195782e-14
9.304000e+10	3.196304e-14
9.308000e+10	3.196826e-14
9.312000e+10	3.197349e-14
9.316000e+10	3.197872e-14
9.320000e+10	3.198395e-14
9.324000e+10	3.198919e-14
9.328000e+10	3.199444e-14
9.332000e+10	3.199969e-14
9.336000e+10	3.200494e-14
9.340000e+10	3.201020e-14
9.344000e+10	3.201546e-14
9.348000e+10	3.202073e-14
9.352000e+10	3.202600e-14
9.356000e+10	3.203128e-14
9.360000e+10	3.203656e-14
9.364000e+10	3.204184e-14
9.368000e+10	3.204713e-14
9.372000e+10	3.205243e-14
9.376000e+10	3.205772e-14
9.380000e+10	3.206303e-14
9.384000e+10	3.206834e-14
9.388000e+10	3.207365e-14
9.392000e+10	3.207897e-14
9.396000e+10	3.208429e-14
9.400000e+10	3.208961e-14
9.404000e+10	3.209494e-14
9.408000e+10	3.210028e-14
9.412000e+10	3.210562e-14
9.416000e+10	3.211096e-14
9.420000e+10	3.211631e-14
9.424000e+10	3.212167e-14
9.428000e+10	3.212702e-14
9.432000e+10	3.213239e-14
9.436000e+10	3.213775e-14
9.440000e+10	3.214313e-14
9.444000e+10	3.214850e-14
9.448000e+10	3.215388e-14
9.452000e+10	3.215927e-14
9.456000e+10	3.216466e-14
9.460000e+10	3.217005e-14
9.464000e+10	3.217545e-14
9.468000e+10	3.218086e-14
9.472000e+10	3.218627e-14
9.476000e+10	3.219168e-14
9.480000e+10	3.219710e-14
9.484000e+10	3.220252e-14
9.488000e+10	3.220795e-14
9.492000e+10	3.221338e-14
9.496000e+10	3.221882e-14
9.500000e+10	3.222426e-14
9.504000e+10	3.222970e-14
9.508000e+10	3.223515e-14
9.512000e+10	3.224061e-14
9.516000e+10	3.224607e-14
9.520000e+10	3.225153e-14
9.524000e+10	3.225700e-14
9.528000e+10	3.226248e-14
9.532000e+10	3.226796e-14
9.536000e+10	3.227344e-14
9.540000e+10	3.227893e-14
9.544000e+10	3.228442e-14
9.548000e+10	3.228992e-14
9.552000e+10	3.229542e-14
9.556000e+10	3.230093e-14
9.560000e+10	3.230644e-14
9.564000e+10	3.231195e-14
9.568000e+10	3.231748e-14
9.572000e+10	3.232300e-14
9.576000e+10	3.232853e-14
9.580000e+10	3.233407e-14
9.584000e+10	3.233961e-14
9.588000e+10	3.234515e-14
9.592000e+10	3.235070e-14
9.596000e+10	3.235626e-14
9.600000e+10	3.236182e-14
9.604000e+10	3.236738e-14
9.608000e+10	3.237295e-14
9.612000e+10	3.237852e-14
9.616000e+10	3.238410e-14
9.620000e+10	3.238968e-14
9.624000e+10	3.239527e-14
9.628000e+10	3.240086e-14
9.632000e+10	3.240646e-14
9.636000e+10	3.241206e-14
9.640000e+10	3.241767e-14
9.644000e+10	3.242328e-14
9.648000e+10	3.242890e-14
9.652000e+10	3.243452e-14
9.656000e+10	3.244015e-14
9.660000e+10	3.244578e-14
9.664000e+10	3.245141e-14
9.668000e+10	3.245706e-14
9.672000e+10	3.246270e-14
9.676000e+10	3.246835e-14
9.680000e+10	3.247401e-14
9.684000e+10	3.247967e-14
9.688000e+10	3.248533e-14
9.692000e+10	3.249100e-14
9.696000e+10	3.249668e-14
9.700000e+10	3.250236e-14
9.704000e+10	3.250804e-14
9.708000e+10	3.251373e-14
9.712000e+10	3.251943e-14
9.716000e+10	3.252513e-14
9.720000e+10	3.253083e-14
9.724000e+10	3.253654e-14
9.728000e+10	3.254225e-14
9.732000e+10	3.254797e-14
9.736000e+10	3.255370e-14
9.740000e+10	3.255942e-14
9.744000e+10	3.256516e-14
9.748000e+10	3.257090e-14
9.752000e+10	3.257664e-14
9.756000e+10	3.258239e-14
9.760000e+10	3.258814e-14
9.764000e+10	3.259390e-14
9.768000e+10	3.259966e-14
9.772000e+10	3.260543e-14
9.776000e+10	3.261121e-14
9.780000e+10	3.261698e-14
9.784000e+10	3.262277e-14
9.788000e+10	3.262856e-14
9.792000e+10	3.263435e-14
9.796000e+10	3.264015e-14
9.800000e+10	3.264595e-14
9.804000e+10	3.265176e-14
9.808000e+10	3.265757e-14
9.812000e+10	3.266339e-14
9.816000e+10	3.266921e-14
9.820000e+10	3.267504e-14
9.824000e+10	3.268087e-14
9.828000e+10	3.268671e-14
9.832000e+10	3.269256e-14
9.836000e+10	3.269840e-14
9.840000e+10	3.270426e-14
9.844000e+10	3.271012e-14
9.848000e+10	3.271598e-14
9.852000e+10	3.272185e-14
9.856000e+10	3.272772e-14
9.860000e+10	3.273360e-14
9.864000e+10	3.273948e-14
9.868000e+10	3.274537e-14
9.872000e+10	3.275127e-14
9.876000e+10	3.275717e-14
9.880000e+10	3.276307e-14
9.884000e+10	3.276898e-14
9.888000e+10	3.277489e-14
9.892000e+10	3.278081e-14
9.896000e+10	3.278674e-14
9.900000e+10	3.279267e-14
9.904000e+10	3.279860e-14
9.908000e+10	3.280454e-14
9.912000e+10	3.281049e-14
9.916000e+10	3.281644e-14
9.920000e+10	3.282239e-14
9.924000e+10	3.282835e-14
9.928000e+10	3.283432e-14
9.932000e+10	3.284029e-14
9.936000e+10	3.284627e-14
9.940000e+10	3.285225e-14
9.944000e+10	3.285823e-14
9.948000e+10	3.286422e-14
9.952000e+10	3.287022e-14
9.956000e+10	3.287622e-14
9.960000e+10	3.288223e-14
9.964000e+10	3.288824e-14
9.968000e+10	3.289426e-14
9.972000e+10	3.290028e-14
9.976000e+10	3.290631e-14
9.980000e+10	3.291234e-14
9.984000e+10	3.291838e-14
9.988000e+10	3.292442e-14
9.992000e+10	3.293047e-14
9.996000e+10	3.293653e-14
1.000000e+11	3.294258e-14
