4.000000e+07	2.958748e-14
8.000000e+07	2.955938e-14
1.200000e+08	2.953128e-14
1.600000e+08	2.950318e-14
2.000000e+08	2.947508e-14
2.400000e+08	2.944698e-14
2.800000e+08	2.941888e-14
3.200000e+08	2.939078e-14
3.600000e+08	2.936268e-14
4.000000e+08	2.933457e-14
4.400000e+08	2.930647e-14
4.800000e+08	2.927837e-14
5.200000e+08	2.925027e-14
5.600000e+08	2.922217e-14
6.000000e+08	2.919407e-14
6.400000e+08	2.916597e-14
6.800000e+08	2.913787e-14
7.200000e+08	2.910977e-14
7.600000e+08	2.908167e-14
8.000000e+08	2.905357e-14
8.400000e+08	2.902547e-14
8.800000e+08	2.899737e-14
9.200000e+08	2.896927e-14
9.600000e+08	2.894117e-14
1.000000e+09	2.891307e-14
1.040000e+09	2.888497e-14
1.080000e+09	2.885687e-14
1.120000e+09	2.882877e-14
1.160000e+09	2.880067e-14
1.200000e+09	2.877257e-14
1.240000e+09	2.874447e-14
1.280000e+09	2.871637e-14
1.320000e+09	2.868827e-14
1.360000e+09	2.866017e-14
1.400000e+09	2.863207e-14
1.440000e+09	2.860397e-14
1.480000e+09	2.857587e-14
1.520000e+09	2.854777e-14
1.560000e+09	2.851967e-14
1.600000e+09	2.849156e-14
1.640000e+09	2.846346e-14
1.680000e+09	2.843536e-14
1.720000e+09	2.840726e-14
1.760000e+09	2.837916e-14
1.800000e+09	2.835106e-14
1.840000e+09	2.832296e-14
1.880000e+09	2.829486e-14
1.920000e+09	2.826676e-14
1.960000e+09	2.823866e-14
2.000000e+09	2.821056e-14
2.040000e+09	2.818246e-14
2.080000e+09	2.815436e-14
2.120000e+09	2.814962e-14
2.160000e+09	2.814488e-14
2.200000e+09	2.814014e-14
2.240000e+09	2.813540e-14
2.280000e+09	2.813066e-14
2.320000e+09	2.812593e-14
2.360000e+09	2.812119e-14
2.400000e+09	2.811645e-14
2.440000e+09	2.811171e-14
2.480000e+09	2.810697e-14
2.520000e+09	2.810223e-14
2.560000e+09	2.809749e-14
2.600000e+09	2.809275e-14
2.640000e+09	2.808801e-14
2.680000e+09	2.808327e-14
2.720000e+09	2.807853e-14
2.760000e+09	2.807379e-14
2.800000e+09	2.806905e-14
2.840000e+09	2.806431e-14
2.880000e+09	2.805957e-14
2.920000e+09	2.805484e-14
2.960000e+09	2.805010e-14
3.000000e+09	2.804536e-14
3.040000e+09	2.804062e-14
3.080000e+09	2.803588e-14
3.120000e+09	2.803114e-14
3.160000e+09	2.802640e-14
3.200000e+09	2.802166e-14
3.240000e+09	2.801692e-14
3.280000e+09	2.801218e-14
3.320000e+09	2.800744e-14
3.360000e+09	2.800270e-14
3.400000e+09	2.799796e-14
3.440000e+09	2.799322e-14
3.480000e+09	2.798849e-14
3.520000e+09	2.798375e-14
3.560000e+09	2.797901e-14
3.600000e+09	2.797427e-14
3.640000e+09	2.796953e-14
3.680000e+09	2.796479e-14
3.720000e+09	2.796005e-14
3.760000e+09	2.795531e-14
3.800000e+09	2.795057e-14
3.840000e+09	2.794583e-14
3.880000e+09	2.794109e-14
3.920000e+09	2.793635e-14
3.960000e+09	2.793161e-14
4.000000e+09	2.792687e-14
4.040000e+09	2.792214e-14
4.080000e+09	2.791740e-14
4.120000e+09	2.791266e-14
4.160000e+09	2.791000e-14
4.200000e+09	2.790735e-14
4.240000e+09	2.790470e-14
4.280000e+09	2.790204e-14
4.320000e+09	2.789939e-14
4.360000e+09	2.789674e-14
4.400000e+09	2.789408e-14
4.440000e+09	2.789143e-14
4.480000e+09	2.788878e-14
4.520000e+09	2.788612e-14
4.560000e+09	2.788347e-14
4.600000e+09	2.788082e-14
4.640000e+09	2.787816e-14
4.680000e+09	2.787551e-14
4.720000e+09	2.787286e-14
4.760000e+09	2.787020e-14
4.800000e+09	2.786755e-14
4.840000e+09	2.786490e-14
4.880000e+09	2.786224e-14
4.920000e+09	2.785959e-14
4.960000e+09	2.785694e-14
5.000000e+09	2.785428e-14
5.040000e+09	2.785163e-14
5.080000e+09	2.784898e-14
5.120000e+09	2.784632e-14
5.160000e+09	2.784367e-14
5.200000e+09	2.784102e-14
5.240000e+09	2.783837e-14
5.280000e+09	2.783571e-14
5.320000e+09	2.783306e-14
5.360000e+09	2.783041e-14
5.400000e+09	2.782775e-14
5.440000e+09	2.782510e-14
5.480000e+09	2.782245e-14
5.520000e+09	2.781979e-14
5.560000e+09	2.781714e-14
5.600000e+09	2.781449e-14
5.640000e+09	2.781183e-14
5.680000e+09	2.780918e-14
5.720000e+09	2.780653e-14
5.760000e+09	2.780387e-14
5.800000e+09	2.780122e-14
5.840000e+09	2.779857e-14
5.880000e+09	2.779591e-14
5.920000e+09	2.779326e-14
5.960000e+09	2.779061e-14
6.000000e+09	2.778795e-14
6.040000e+09	2.778530e-14
6.080000e+09	2.778265e-14
6.120000e+09	2.777999e-14
6.160000e+09	2.777734e-14
6.200000e+09	2.777560e-14
6.240000e+09	2.777385e-14
6.280000e+09	2.777211e-14
6.320000e+09	2.777036e-14
6.360000e+09	2.776862e-14
6.400000e+09	2.776688e-14
6.440000e+09	2.776513e-14
6.480000e+09	2.776339e-14
6.520000e+09	2.776164e-14
6.560000e+09	2.775990e-14
6.600000e+09	2.775816e-14
6.640000e+09	2.775641e-14
6.680000e+09	2.775467e-14
6.720000e+09	2.775293e-14
6.760000e+09	2.775118e-14
6.800000e+09	2.774944e-14
6.840000e+09	2.774769e-14
6.880000e+09	2.774595e-14
6.920000e+09	2.774421e-14
6.960000e+09	2.774246e-14
7.000000e+09	2.774072e-14
7.040000e+09	2.773897e-14
7.080000e+09	2.773723e-14
7.120000e+09	2.773549e-14
7.160000e+09	2.773374e-14
7.200000e+09	2.773200e-14
7.240000e+09	2.773025e-14
7.280000e+09	2.772851e-14
7.320000e+09	2.772677e-14
7.360000e+09	2.772502e-14
7.400000e+09	2.772328e-14
7.440000e+09	2.772153e-14
7.480000e+09	2.771979e-14
7.520000e+09	2.771805e-14
7.560000e+09	2.771630e-14
7.600000e+09	2.771456e-14
7.640000e+09	2.771281e-14
7.680000e+09	2.771107e-14
7.720000e+09	2.770933e-14
7.760000e+09	2.770758e-14
7.800000e+09	2.770584e-14
7.840000e+09	2.770410e-14
7.880000e+09	2.770235e-14
7.920000e+09	2.770061e-14
7.960000e+09	2.769886e-14
8.000000e+09	2.769712e-14
8.040000e+09	2.769538e-14
8.080000e+09	2.769363e-14
8.120000e+09	2.769189e-14
8.160000e+09	2.769014e-14
8.200000e+09	2.768840e-14
8.240000e+09	2.768719e-14
8.280000e+09	2.768599e-14
8.320000e+09	2.768478e-14
8.360000e+09	2.768357e-14
8.400000e+09	2.768236e-14
8.440000e+09	2.768116e-14
8.480000e+09	2.767995e-14
8.520000e+09	2.767874e-14
8.560000e+09	2.767753e-14
8.600000e+09	2.767633e-14
8.640000e+09	2.767512e-14
8.680000e+09	2.767391e-14
8.720000e+09	2.767271e-14
8.760000e+09	2.767150e-14
8.800000e+09	2.767029e-14
8.840000e+09	2.766908e-14
8.880000e+09	2.766788e-14
8.920000e+09	2.766667e-14
8.960000e+09	2.766546e-14
9.000000e+09	2.766426e-14
9.040000e+09	2.766305e-14
9.080000e+09	2.766184e-14
9.120000e+09	2.766063e-14
9.160000e+09	2.765943e-14
9.200000e+09	2.765822e-14
9.240000e+09	2.765701e-14
9.280000e+09	2.765580e-14
9.320000e+09	2.765460e-14
9.360000e+09	2.765339e-14
9.400000e+09	2.765218e-14
9.440000e+09	2.765098e-14
9.480000e+09	2.764977e-14
9.520000e+09	2.764856e-14
9.560000e+09	2.764735e-14
9.600000e+09	2.764615e-14
9.640000e+09	2.764494e-14
9.680000e+09	2.764373e-14
9.720000e+09	2.764252e-14
9.760000e+09	2.764132e-14
9.800000e+09	2.764011e-14
9.840000e+09	2.763890e-14
9.880000e+09	2.763770e-14
9.920000e+09	2.763649e-14
9.960000e+09	2.763528e-14
1.000000e+10	2.763407e-14
1.004000e+10	2.763287e-14
1.008000e+10	2.763166e-14
1.012000e+10	2.763045e-14
1.016000e+10	2.762925e-14
1.020000e+10	2.762804e-14
1.024000e+10	2.762683e-14
1.028000e+10	2.762599e-14
1.032000e+10	2.762516e-14
1.036000e+10	2.762432e-14
1.040000e+10	2.762348e-14
1.044000e+10	2.762264e-14
1.048000e+10	2.762181e-14
1.052000e+10	2.762097e-14
1.056000e+10	2.762013e-14
1.060000e+10	2.761930e-14
1.064000e+10	2.761846e-14
1.068000e+10	2.761762e-14
1.072000e+10	2.761678e-14
1.076000e+10	2.761595e-14
1.080000e+10	2.761511e-14
1.084000e+10	2.761427e-14
1.088000e+10	2.761343e-14
1.092000e+10	2.761260e-14
1.096000e+10	2.761176e-14
1.100000e+10	2.761092e-14
1.104000e+10	2.761009e-14
1.108000e+10	2.760925e-14
1.112000e+10	2.760841e-14
1.116000e+10	2.760757e-14
1.120000e+10	2.760674e-14
1.124000e+10	2.760590e-14
1.128000e+10	2.760506e-14
1.132000e+10	2.760422e-14
1.136000e+10	2.760339e-14
1.140000e+10	2.760255e-14
1.144000e+10	2.760171e-14
1.148000e+10	2.760088e-14
1.152000e+10	2.760004e-14
1.156000e+10	2.759920e-14
1.160000e+10	2.759836e-14
1.164000e+10	2.759753e-14
1.168000e+10	2.759669e-14
1.172000e+10	2.759585e-14
1.176000e+10	2.759501e-14
1.180000e+10	2.759418e-14
1.184000e+10	2.759334e-14
1.188000e+10	2.759250e-14
1.192000e+10	2.759166e-14
1.196000e+10	2.759083e-14
1.200000e+10	2.758999e-14
1.204000e+10	2.758915e-14
1.208000e+10	2.758832e-14
1.212000e+10	2.758748e-14
1.216000e+10	2.758664e-14
1.220000e+10	2.758580e-14
1.224000e+10	2.758497e-14
1.228000e+10	2.758413e-14
1.232000e+10	2.758357e-14
1.236000e+10	2.758302e-14
1.240000e+10	2.758246e-14
1.244000e+10	2.758190e-14
1.248000e+10	2.758135e-14
1.252000e+10	2.758079e-14
1.256000e+10	2.758024e-14
1.260000e+10	2.757968e-14
1.264000e+10	2.757912e-14
1.268000e+10	2.757857e-14
1.272000e+10	2.757801e-14
1.276000e+10	2.757745e-14
1.280000e+10	2.757690e-14
1.284000e+10	2.757634e-14
1.288000e+10	2.757578e-14
1.292000e+10	2.757523e-14
1.296000e+10	2.757467e-14
1.300000e+10	2.757412e-14
1.304000e+10	2.757356e-14
1.308000e+10	2.757300e-14
1.312000e+10	2.757245e-14
1.316000e+10	2.757189e-14
1.320000e+10	2.757133e-14
1.324000e+10	2.757078e-14
1.328000e+10	2.757022e-14
1.332000e+10	2.756966e-14
1.336000e+10	2.756911e-14
1.340000e+10	2.756855e-14
1.344000e+10	2.756800e-14
1.348000e+10	2.756744e-14
1.352000e+10	2.756688e-14
1.356000e+10	2.756633e-14
1.360000e+10	2.756577e-14
1.364000e+10	2.756521e-14
1.368000e+10	2.756466e-14
1.372000e+10	2.756410e-14
1.376000e+10	2.756355e-14
1.380000e+10	2.756299e-14
1.384000e+10	2.756243e-14
1.388000e+10	2.756188e-14
1.392000e+10	2.756132e-14
1.396000e+10	2.756076e-14
1.400000e+10	2.756021e-14
1.404000e+10	2.755965e-14
1.408000e+10	2.755909e-14
1.412000e+10	2.755854e-14
1.416000e+10	2.755798e-14
1.420000e+10	2.755743e-14
1.424000e+10	2.755687e-14
1.428000e+10	2.755631e-14
1.432000e+10	2.755576e-14
1.436000e+10	2.755543e-14
1.440000e+10	2.755510e-14
1.444000e+10	2.755477e-14
1.448000e+10	2.755444e-14
1.452000e+10	2.755411e-14
1.456000e+10	2.755379e-14
1.460000e+10	2.755346e-14
1.464000e+10	2.755313e-14
1.468000e+10	2.755280e-14
1.472000e+10	2.755247e-14
1.476000e+10	2.755214e-14
1.480000e+10	2.755182e-14
1.484000e+10	2.755149e-14
1.488000e+10	2.755116e-14
1.492000e+10	2.755083e-14
1.496000e+10	2.755050e-14
1.500000e+10	2.755017e-14
1.504000e+10	2.754984e-14
1.508000e+10	2.754952e-14
1.512000e+10	2.754919e-14
1.516000e+10	2.754886e-14
1.520000e+10	2.754853e-14
1.524000e+10	2.754820e-14
1.528000e+10	2.754787e-14
1.532000e+10	2.754755e-14
1.536000e+10	2.754722e-14
1.540000e+10	2.754689e-14
1.544000e+10	2.754656e-14
1.548000e+10	2.754623e-14
1.552000e+10	2.754590e-14
1.556000e+10	2.754558e-14
1.560000e+10	2.754525e-14
1.564000e+10	2.754492e-14
1.568000e+10	2.754459e-14
1.572000e+10	2.754426e-14
1.576000e+10	2.754393e-14
1.580000e+10	2.754360e-14
1.584000e+10	2.754328e-14
1.588000e+10	2.754295e-14
1.592000e+10	2.754262e-14
1.596000e+10	2.754229e-14
1.600000e+10	2.754196e-14
1.604000e+10	2.754163e-14
1.608000e+10	2.754131e-14
1.612000e+10	2.754098e-14
1.616000e+10	2.754065e-14
1.620000e+10	2.754032e-14
1.624000e+10	2.753999e-14
1.628000e+10	2.753966e-14
1.632000e+10	2.753934e-14
1.636000e+10	2.753901e-14
1.640000e+10	2.753887e-14
1.644000e+10	2.753874e-14
1.648000e+10	2.753860e-14
1.652000e+10	2.753847e-14
1.656000e+10	2.753833e-14
1.660000e+10	2.753820e-14
1.664000e+10	2.753806e-14
1.668000e+10	2.753793e-14
1.672000e+10	2.753780e-14
1.676000e+10	2.753766e-14
1.680000e+10	2.753753e-14
1.684000e+10	2.753739e-14
1.688000e+10	2.753726e-14
1.692000e+10	2.753712e-14
1.696000e+10	2.753699e-14
1.700000e+10	2.753685e-14
1.704000e+10	2.753672e-14
1.708000e+10	2.753658e-14
1.712000e+10	2.753645e-14
1.716000e+10	2.753632e-14
1.720000e+10	2.753618e-14
1.724000e+10	2.753605e-14
1.728000e+10	2.753591e-14
1.732000e+10	2.753578e-14
1.736000e+10	2.753564e-14
1.740000e+10	2.753551e-14
1.744000e+10	2.753537e-14
1.748000e+10	2.753524e-14
1.752000e+10	2.753510e-14
1.756000e+10	2.753497e-14
1.760000e+10	2.753484e-14
1.764000e+10	2.753470e-14
1.768000e+10	2.753457e-14
1.772000e+10	2.753443e-14
1.776000e+10	2.753430e-14
1.780000e+10	2.753416e-14
1.784000e+10	2.753403e-14
1.788000e+10	2.753389e-14
1.792000e+10	2.753376e-14
1.796000e+10	2.753362e-14
1.800000e+10	2.753349e-14
1.804000e+10	2.753336e-14
1.808000e+10	2.753322e-14
1.812000e+10	2.753309e-14
1.816000e+10	2.753295e-14
1.820000e+10	2.753282e-14
1.824000e+10	2.753268e-14
1.828000e+10	2.753255e-14
1.832000e+10	2.753241e-14
1.836000e+10	2.753228e-14
1.840000e+10	2.753214e-14
1.844000e+10	2.753218e-14
1.848000e+10	2.753222e-14
1.852000e+10	2.753225e-14
1.856000e+10	2.753229e-14
1.860000e+10	2.753233e-14
1.864000e+10	2.753236e-14
1.868000e+10	2.753240e-14
1.872000e+10	2.753243e-14
1.876000e+10	2.753247e-14
1.880000e+10	2.753251e-14
1.884000e+10	2.753254e-14
1.888000e+10	2.753258e-14
1.892000e+10	2.753262e-14
1.896000e+10	2.753265e-14
1.900000e+10	2.753269e-14
1.904000e+10	2.753272e-14
1.908000e+10	2.753276e-14
1.912000e+10	2.753280e-14
1.916000e+10	2.753283e-14
1.920000e+10	2.753287e-14
1.924000e+10	2.753291e-14
1.928000e+10	2.753294e-14
1.932000e+10	2.753298e-14
1.936000e+10	2.753302e-14
1.940000e+10	2.753305e-14
1.944000e+10	2.753309e-14
1.948000e+10	2.753312e-14
1.952000e+10	2.753316e-14
1.956000e+10	2.753320e-14
1.960000e+10	2.753323e-14
1.964000e+10	2.753327e-14
1.968000e+10	2.753331e-14
1.972000e+10	2.753334e-14
1.976000e+10	2.753338e-14
1.980000e+10	2.753341e-14
1.984000e+10	2.753345e-14
1.988000e+10	2.753349e-14
1.992000e+10	2.753352e-14
1.996000e+10	2.753356e-14
2.000000e+10	2.753360e-14
2.004000e+10	2.753363e-14
2.008000e+10	2.753367e-14
2.012000e+10	2.753370e-14
2.016000e+10	2.753374e-14
2.020000e+10	2.753378e-14
2.024000e+10	2.753381e-14
2.028000e+10	2.753385e-14
2.032000e+10	2.753389e-14
2.036000e+10	2.753392e-14
2.040000e+10	2.753396e-14
2.044000e+10	2.753399e-14
2.048000e+10	2.753419e-14
2.052000e+10	2.753438e-14
2.056000e+10	2.753457e-14
2.060000e+10	2.753476e-14
2.064000e+10	2.753495e-14
2.068000e+10	2.753514e-14
2.072000e+10	2.753533e-14
2.076000e+10	2.753552e-14
2.080000e+10	2.753571e-14
2.084000e+10	2.753590e-14
2.088000e+10	2.753610e-14
2.092000e+10	2.753629e-14
2.096000e+10	2.753648e-14
2.100000e+10	2.753667e-14
2.104000e+10	2.753686e-14
2.108000e+10	2.753705e-14
2.112000e+10	2.753724e-14
2.116000e+10	2.753743e-14
2.120000e+10	2.753762e-14
2.124000e+10	2.753781e-14
2.128000e+10	2.753801e-14
2.132000e+10	2.753820e-14
2.136000e+10	2.753839e-14
2.140000e+10	2.753858e-14
2.144000e+10	2.753877e-14
2.148000e+10	2.753896e-14
2.152000e+10	2.753915e-14
2.156000e+10	2.753934e-14
2.160000e+10	2.753953e-14
2.164000e+10	2.753972e-14
2.168000e+10	2.753992e-14
2.172000e+10	2.754011e-14
2.176000e+10	2.754030e-14
2.180000e+10	2.754049e-14
2.184000e+10	2.754068e-14
2.188000e+10	2.754087e-14
2.192000e+10	2.754106e-14
2.196000e+10	2.754125e-14
2.200000e+10	2.754144e-14
2.204000e+10	2.754163e-14
2.208000e+10	2.754183e-14
2.212000e+10	2.754202e-14
2.216000e+10	2.754221e-14
2.220000e+10	2.754240e-14
2.224000e+10	2.754259e-14
2.228000e+10	2.754278e-14
2.232000e+10	2.754297e-14
2.236000e+10	2.754316e-14
2.240000e+10	2.754335e-14
2.244000e+10	2.754354e-14
2.248000e+10	2.754374e-14
2.252000e+10	2.754407e-14
2.256000e+10	2.754440e-14
2.260000e+10	2.754474e-14
2.264000e+10	2.754507e-14
2.268000e+10	2.754541e-14
2.272000e+10	2.754574e-14
2.276000e+10	2.754607e-14
2.280000e+10	2.754641e-14
2.284000e+10	2.754674e-14
2.288000e+10	2.754708e-14
2.292000e+10	2.754741e-14
2.296000e+10	2.754774e-14
2.300000e+10	2.754808e-14
2.304000e+10	2.754841e-14
2.308000e+10	2.754875e-14
2.312000e+10	2.754908e-14
2.316000e+10	2.754941e-14
2.320000e+10	2.754975e-14
2.324000e+10	2.755008e-14
2.328000e+10	2.755042e-14
2.332000e+10	2.755075e-14
2.336000e+10	2.755108e-14
2.340000e+10	2.755142e-14
2.344000e+10	2.755175e-14
2.348000e+10	2.755209e-14
2.352000e+10	2.755242e-14
2.356000e+10	2.755275e-14
2.360000e+10	2.755309e-14
2.364000e+10	2.755342e-14
2.368000e+10	2.755376e-14
2.372000e+10	2.755409e-14
2.376000e+10	2.755442e-14
2.380000e+10	2.755476e-14
2.384000e+10	2.755509e-14
2.388000e+10	2.755543e-14
2.392000e+10	2.755576e-14
2.396000e+10	2.755609e-14
2.400000e+10	2.755643e-14
2.404000e+10	2.755676e-14
2.408000e+10	2.755710e-14
2.412000e+10	2.755743e-14
2.416000e+10	2.755776e-14
2.420000e+10	2.755810e-14
2.424000e+10	2.755843e-14
2.428000e+10	2.755877e-14
2.432000e+10	2.755910e-14
2.436000e+10	2.755943e-14
2.440000e+10	2.755977e-14
2.444000e+10	2.756010e-14
2.448000e+10	2.756044e-14
2.452000e+10	2.756077e-14
2.456000e+10	2.756124e-14
2.460000e+10	2.756171e-14
2.464000e+10	2.756218e-14
2.468000e+10	2.756264e-14
2.472000e+10	2.756311e-14
2.476000e+10	2.756358e-14
2.480000e+10	2.756405e-14
2.484000e+10	2.756452e-14
2.488000e+10	2.756499e-14
2.492000e+10	2.756546e-14
2.496000e+10	2.756592e-14
2.500000e+10	2.756639e-14
2.504000e+10	2.756686e-14
2.508000e+10	2.756733e-14
2.512000e+10	2.756780e-14
2.516000e+10	2.756827e-14
2.520000e+10	2.756874e-14
2.524000e+10	2.756920e-14
2.528000e+10	2.756967e-14
2.532000e+10	2.757014e-14
2.536000e+10	2.757061e-14
2.540000e+10	2.757108e-14
2.544000e+10	2.757155e-14
2.548000e+10	2.757201e-14
2.552000e+10	2.757248e-14
2.556000e+10	2.757295e-14
2.560000e+10	2.757342e-14
2.564000e+10	2.757389e-14
2.568000e+10	2.757436e-14
2.572000e+10	2.757483e-14
2.576000e+10	2.757529e-14
2.580000e+10	2.757576e-14
2.584000e+10	2.757623e-14
2.588000e+10	2.757670e-14
2.592000e+10	2.757717e-14
2.596000e+10	2.757764e-14
2.600000e+10	2.757811e-14
2.604000e+10	2.757857e-14
2.608000e+10	2.757904e-14
2.612000e+10	2.757951e-14
2.616000e+10	2.757998e-14
2.620000e+10	2.758045e-14
2.624000e+10	2.758092e-14
2.628000e+10	2.758138e-14
2.632000e+10	2.758185e-14
2.636000e+10	2.758232e-14
2.640000e+10	2.758279e-14
2.644000e+10	2.758326e-14
2.648000e+10	2.758373e-14
2.652000e+10	2.758420e-14
2.656000e+10	2.758466e-14
2.660000e+10	2.758526e-14
2.664000e+10	2.758586e-14
2.668000e+10	2.758645e-14
2.672000e+10	2.758705e-14
2.676000e+10	2.758765e-14
2.680000e+10	2.758824e-14
2.684000e+10	2.758884e-14
2.688000e+10	2.758944e-14
2.692000e+10	2.759003e-14
2.696000e+10	2.759063e-14
2.700000e+10	2.759123e-14
2.704000e+10	2.759182e-14
2.708000e+10	2.759242e-14
2.712000e+10	2.759302e-14
2.716000e+10	2.759361e-14
2.720000e+10	2.759421e-14
2.724000e+10	2.759481e-14
2.728000e+10	2.759540e-14
2.732000e+10	2.759600e-14
2.736000e+10	2.759660e-14
2.740000e+10	2.759719e-14
2.744000e+10	2.759779e-14
2.748000e+10	2.759839e-14
2.752000e+10	2.759898e-14
2.756000e+10	2.759958e-14
2.760000e+10	2.760018e-14
2.764000e+10	2.760077e-14
2.768000e+10	2.760137e-14
2.772000e+10	2.760197e-14
2.776000e+10	2.760256e-14
2.780000e+10	2.760316e-14
2.784000e+10	2.760376e-14
2.788000e+10	2.760435e-14
2.792000e+10	2.760495e-14
2.796000e+10	2.760555e-14
2.800000e+10	2.760614e-14
2.804000e+10	2.760674e-14
2.808000e+10	2.760734e-14
2.812000e+10	2.760793e-14
2.816000e+10	2.760853e-14
2.820000e+10	2.760913e-14
2.824000e+10	2.760972e-14
2.828000e+10	2.761032e-14
2.832000e+10	2.761092e-14
2.836000e+10	2.761151e-14
2.840000e+10	2.761211e-14
2.844000e+10	2.761271e-14
2.848000e+10	2.761330e-14
2.852000e+10	2.761390e-14
2.856000e+10	2.761450e-14
2.860000e+10	2.761509e-14
2.864000e+10	2.761581e-14
2.868000e+10	2.761653e-14
2.872000e+10	2.761725e-14
2.876000e+10	2.761797e-14
2.880000e+10	2.761869e-14
2.884000e+10	2.761941e-14
2.888000e+10	2.762013e-14
2.892000e+10	2.762085e-14
2.896000e+10	2.762157e-14
2.900000e+10	2.762229e-14
2.904000e+10	2.762301e-14
2.908000e+10	2.762373e-14
2.912000e+10	2.762445e-14
2.916000e+10	2.762517e-14
2.920000e+10	2.762589e-14
2.924000e+10	2.762661e-14
2.928000e+10	2.762733e-14
2.932000e+10	2.762805e-14
2.936000e+10	2.762877e-14
2.940000e+10	2.762949e-14
2.944000e+10	2.763021e-14
2.948000e+10	2.763093e-14
2.952000e+10	2.763165e-14
2.956000e+10	2.763237e-14
2.960000e+10	2.763309e-14
2.964000e+10	2.763381e-14
2.968000e+10	2.763453e-14
2.972000e+10	2.763525e-14
2.976000e+10	2.763597e-14
2.980000e+10	2.763669e-14
2.984000e+10	2.763741e-14
2.988000e+10	2.763813e-14
2.992000e+10	2.763885e-14
2.996000e+10	2.763957e-14
3.000000e+10	2.764029e-14
3.004000e+10	2.764101e-14
3.008000e+10	2.764173e-14
3.012000e+10	2.764245e-14
3.016000e+10	2.764317e-14
3.020000e+10	2.764389e-14
3.024000e+10	2.764461e-14
3.028000e+10	2.764533e-14
3.032000e+10	2.764605e-14
3.036000e+10	2.764677e-14
3.040000e+10	2.764749e-14
3.044000e+10	2.764821e-14
3.048000e+10	2.764893e-14
3.052000e+10	2.764965e-14
3.056000e+10	2.765037e-14
3.060000e+10	2.765109e-14
3.064000e+10	2.765181e-14
3.068000e+10	2.765265e-14
3.072000e+10	2.765349e-14
3.076000e+10	2.765433e-14
3.080000e+10	2.765517e-14
3.084000e+10	2.765601e-14
3.088000e+10	2.765685e-14
3.092000e+10	2.765769e-14
3.096000e+10	2.765853e-14
3.100000e+10	2.765937e-14
3.104000e+10	2.766021e-14
3.108000e+10	2.766105e-14
3.112000e+10	2.766189e-14
3.116000e+10	2.766273e-14
3.120000e+10	2.766357e-14
3.124000e+10	2.766441e-14
3.128000e+10	2.766525e-14
3.132000e+10	2.766609e-14
3.136000e+10	2.766693e-14
3.140000e+10	2.766777e-14
3.144000e+10	2.766861e-14
3.148000e+10	2.766945e-14
3.152000e+10	2.767029e-14
3.156000e+10	2.767113e-14
3.160000e+10	2.767197e-14
3.164000e+10	2.767281e-14
3.168000e+10	2.767365e-14
3.172000e+10	2.767449e-14
3.176000e+10	2.767533e-14
3.180000e+10	2.767617e-14
3.184000e+10	2.767701e-14
3.188000e+10	2.767785e-14
3.192000e+10	2.767869e-14
3.196000e+10	2.767953e-14
3.200000e+10	2.768037e-14
3.204000e+10	2.768121e-14
3.208000e+10	2.768205e-14
3.212000e+10	2.768289e-14
3.216000e+10	2.768373e-14
3.220000e+10	2.768457e-14
3.224000e+10	2.768541e-14
3.228000e+10	2.768625e-14
3.232000e+10	2.768709e-14
3.236000e+10	2.768793e-14
3.240000e+10	2.768877e-14
3.244000e+10	2.768961e-14
3.248000e+10	2.769045e-14
3.252000e+10	2.769129e-14
3.256000e+10	2.769213e-14
3.260000e+10	2.769297e-14
3.264000e+10	2.769381e-14
3.268000e+10	2.769465e-14
3.272000e+10	2.769561e-14
3.276000e+10	2.769657e-14
3.280000e+10	2.769752e-14
3.284000e+10	2.769848e-14
3.288000e+10	2.769944e-14
3.292000e+10	2.770040e-14
3.296000e+10	2.770135e-14
3.300000e+10	2.770231e-14
3.304000e+10	2.770327e-14
3.308000e+10	2.770423e-14
3.312000e+10	2.770518e-14
3.316000e+10	2.770614e-14
3.320000e+10	2.770710e-14
3.324000e+10	2.770806e-14
3.328000e+10	2.770901e-14
3.332000e+10	2.770997e-14
3.336000e+10	2.771093e-14
3.340000e+10	2.771189e-14
3.344000e+10	2.771284e-14
3.348000e+10	2.771380e-14
3.352000e+10	2.771476e-14
3.356000e+10	2.771571e-14
3.360000e+10	2.771667e-14
3.364000e+10	2.771763e-14
3.368000e+10	2.771859e-14
3.372000e+10	2.771954e-14
3.376000e+10	2.772050e-14
3.380000e+10	2.772146e-14
3.384000e+10	2.772242e-14
3.388000e+10	2.772337e-14
3.392000e+10	2.772433e-14
3.396000e+10	2.772529e-14
3.400000e+10	2.772625e-14
3.404000e+10	2.772720e-14
3.408000e+10	2.772816e-14
3.412000e+10	2.772912e-14
3.416000e+10	2.773008e-14
3.420000e+10	2.773103e-14
3.424000e+10	2.773199e-14
3.428000e+10	2.773295e-14
3.432000e+10	2.773391e-14
3.436000e+10	2.773486e-14
3.440000e+10	2.773582e-14
3.444000e+10	2.773678e-14
3.448000e+10	2.773773e-14
3.452000e+10	2.773869e-14
3.456000e+10	2.773965e-14
3.460000e+10	2.774061e-14
3.464000e+10	2.774156e-14
3.468000e+10	2.774252e-14
3.472000e+10	2.774348e-14
3.476000e+10	2.774455e-14
3.480000e+10	2.774563e-14
3.484000e+10	2.774670e-14
3.488000e+10	2.774777e-14
3.492000e+10	2.774884e-14
3.496000e+10	2.774992e-14
3.500000e+10	2.775099e-14
3.504000e+10	2.775206e-14
3.508000e+10	2.775314e-14
3.512000e+10	2.775421e-14
3.516000e+10	2.775528e-14
3.520000e+10	2.775636e-14
3.524000e+10	2.775743e-14
3.528000e+10	2.775850e-14
3.532000e+10	2.775958e-14
3.536000e+10	2.776065e-14
3.540000e+10	2.776172e-14
3.544000e+10	2.776279e-14
3.548000e+10	2.776387e-14
3.552000e+10	2.776494e-14
3.556000e+10	2.776601e-14
3.560000e+10	2.776709e-14
3.564000e+10	2.776816e-14
3.568000e+10	2.776923e-14
3.572000e+10	2.777031e-14
3.576000e+10	2.777138e-14
3.580000e+10	2.777245e-14
3.584000e+10	2.777353e-14
3.588000e+10	2.777460e-14
3.592000e+10	2.777567e-14
3.596000e+10	2.777675e-14
3.600000e+10	2.777782e-14
3.604000e+10	2.777889e-14
3.608000e+10	2.777996e-14
3.612000e+10	2.778104e-14
3.616000e+10	2.778211e-14
3.620000e+10	2.778318e-14
3.624000e+10	2.778426e-14
3.628000e+10	2.778533e-14
3.632000e+10	2.778640e-14
3.636000e+10	2.778748e-14
3.640000e+10	2.778855e-14
3.644000e+10	2.778962e-14
3.648000e+10	2.779070e-14
3.652000e+10	2.779177e-14
3.656000e+10	2.779284e-14
3.660000e+10	2.779391e-14
3.664000e+10	2.779499e-14
3.668000e+10	2.779606e-14
3.672000e+10	2.779713e-14
3.676000e+10	2.779821e-14
3.680000e+10	2.779939e-14
3.684000e+10	2.780058e-14
3.688000e+10	2.780177e-14
3.692000e+10	2.780296e-14
3.696000e+10	2.780415e-14
3.700000e+10	2.780533e-14
3.704000e+10	2.780652e-14
3.708000e+10	2.780771e-14
3.712000e+10	2.780890e-14
3.716000e+10	2.781008e-14
3.720000e+10	2.781127e-14
3.724000e+10	2.781246e-14
3.728000e+10	2.781365e-14
3.732000e+10	2.781484e-14
3.736000e+10	2.781602e-14
3.740000e+10	2.781721e-14
3.744000e+10	2.781840e-14
3.748000e+10	2.781959e-14
3.752000e+10	2.782077e-14
3.756000e+10	2.782196e-14
3.760000e+10	2.782315e-14
3.764000e+10	2.782434e-14
3.768000e+10	2.782552e-14
3.772000e+10	2.782671e-14
3.776000e+10	2.782790e-14
3.780000e+10	2.782909e-14
3.784000e+10	2.783028e-14
3.788000e+10	2.783146e-14
3.792000e+10	2.783265e-14
3.796000e+10	2.783384e-14
3.800000e+10	2.783503e-14
3.804000e+10	2.783621e-14
3.808000e+10	2.783740e-14
3.812000e+10	2.783859e-14
3.816000e+10	2.783978e-14
3.820000e+10	2.784097e-14
3.824000e+10	2.784215e-14
3.828000e+10	2.784334e-14
3.832000e+10	2.784453e-14
3.836000e+10	2.784572e-14
3.840000e+10	2.784690e-14
3.844000e+10	2.784809e-14
3.848000e+10	2.784928e-14
3.852000e+10	2.785047e-14
3.856000e+10	2.785165e-14
3.860000e+10	2.785284e-14
3.864000e+10	2.785403e-14
3.868000e+10	2.785522e-14
3.872000e+10	2.785641e-14
3.876000e+10	2.785759e-14
3.880000e+10	2.785878e-14
3.884000e+10	2.786008e-14
3.888000e+10	2.786138e-14
3.892000e+10	2.786269e-14
3.896000e+10	2.786399e-14
3.900000e+10	2.786529e-14
3.904000e+10	2.786659e-14
3.908000e+10	2.786789e-14
3.912000e+10	2.786920e-14
3.916000e+10	2.787050e-14
3.920000e+10	2.787180e-14
3.924000e+10	2.787310e-14
3.928000e+10	2.787440e-14
3.932000e+10	2.787570e-14
3.936000e+10	2.787701e-14
3.940000e+10	2.787831e-14
3.944000e+10	2.787961e-14
3.948000e+10	2.788091e-14
3.952000e+10	2.788221e-14
3.956000e+10	2.788352e-14
3.960000e+10	2.788482e-14
3.964000e+10	2.788612e-14
3.968000e+10	2.788742e-14
3.972000e+10	2.788872e-14
3.976000e+10	2.789002e-14
3.980000e+10	2.789133e-14
3.984000e+10	2.789263e-14
3.988000e+10	2.789393e-14
3.992000e+10	2.789523e-14
3.996000e+10	2.789653e-14
4.000000e+10	2.789784e-14
4.004000e+10	2.789914e-14
4.008000e+10	2.790044e-14
4.012000e+10	2.790174e-14
4.016000e+10	2.790304e-14
4.020000e+10	2.790434e-14
4.024000e+10	2.790565e-14
4.028000e+10	2.790695e-14
4.032000e+10	2.790825e-14
4.036000e+10	2.790955e-14
4.040000e+10	2.791085e-14
4.044000e+10	2.791216e-14
4.048000e+10	2.791346e-14
4.052000e+10	2.791476e-14
4.056000e+10	2.791606e-14
4.060000e+10	2.791736e-14
4.064000e+10	2.791866e-14
4.068000e+10	2.791997e-14
4.072000e+10	2.792127e-14
4.076000e+10	2.792257e-14
4.080000e+10	2.792387e-14
4.084000e+10	2.792517e-14
4.088000e+10	2.792659e-14
4.092000e+10	2.792801e-14
4.096000e+10	2.792942e-14
4.100000e+10	2.793084e-14
4.104000e+10	2.793225e-14
4.108000e+10	2.793367e-14
4.112000e+10	2.793508e-14
4.116000e+10	2.793650e-14
4.120000e+10	2.793792e-14
4.124000e+10	2.793933e-14
4.128000e+10	2.794075e-14
4.132000e+10	2.794216e-14
4.136000e+10	2.794358e-14
4.140000e+10	2.794500e-14
4.144000e+10	2.794641e-14
4.148000e+10	2.794783e-14
4.152000e+10	2.794924e-14
4.156000e+10	2.795066e-14
4.160000e+10	2.795207e-14
4.164000e+10	2.795349e-14
4.168000e+10	2.795491e-14
4.172000e+10	2.795632e-14
4.176000e+10	2.795774e-14
4.180000e+10	2.795915e-14
4.184000e+10	2.796057e-14
4.188000e+10	2.796199e-14
4.192000e+10	2.796340e-14
4.196000e+10	2.796482e-14
4.200000e+10	2.796623e-14
4.204000e+10	2.796765e-14
4.208000e+10	2.796906e-14
4.212000e+10	2.797048e-14
4.216000e+10	2.797190e-14
4.220000e+10	2.797331e-14
4.224000e+10	2.797473e-14
4.228000e+10	2.797614e-14
4.232000e+10	2.797756e-14
4.236000e+10	2.797898e-14
4.240000e+10	2.798039e-14
4.244000e+10	2.798181e-14
4.248000e+10	2.798322e-14
4.252000e+10	2.798464e-14
4.256000e+10	2.798605e-14
4.260000e+10	2.798747e-14
4.264000e+10	2.798889e-14
4.268000e+10	2.799030e-14
4.272000e+10	2.799172e-14
4.276000e+10	2.799313e-14
4.280000e+10	2.799455e-14
4.284000e+10	2.799597e-14
4.288000e+10	2.799738e-14
4.292000e+10	2.799891e-14
4.296000e+10	2.800044e-14
4.300000e+10	2.800197e-14
4.304000e+10	2.800350e-14
4.308000e+10	2.800503e-14
4.312000e+10	2.800656e-14
4.316000e+10	2.800809e-14
4.320000e+10	2.800962e-14
4.324000e+10	2.801115e-14
4.328000e+10	2.801268e-14
4.332000e+10	2.801421e-14
4.336000e+10	2.801574e-14
4.340000e+10	2.801727e-14
4.344000e+10	2.801880e-14
4.348000e+10	2.802033e-14
4.352000e+10	2.802186e-14
4.356000e+10	2.802339e-14
4.360000e+10	2.802492e-14
4.364000e+10	2.802645e-14
4.368000e+10	2.802798e-14
4.372000e+10	2.802952e-14
4.376000e+10	2.803105e-14
4.380000e+10	2.803258e-14
4.384000e+10	2.803411e-14
4.388000e+10	2.803564e-14
4.392000e+10	2.803717e-14
4.396000e+10	2.803870e-14
4.400000e+10	2.804023e-14
4.404000e+10	2.804176e-14
4.408000e+10	2.804329e-14
4.412000e+10	2.804482e-14
4.416000e+10	2.804635e-14
4.420000e+10	2.804788e-14
4.424000e+10	2.804941e-14
4.428000e+10	2.805094e-14
4.432000e+10	2.805247e-14
4.436000e+10	2.805400e-14
4.440000e+10	2.805553e-14
4.444000e+10	2.805706e-14
4.448000e+10	2.805859e-14
4.452000e+10	2.806012e-14
4.456000e+10	2.806165e-14
4.460000e+10	2.806318e-14
4.464000e+10	2.806471e-14
4.468000e+10	2.806624e-14
4.472000e+10	2.806777e-14
4.476000e+10	2.806930e-14
4.480000e+10	2.807083e-14
4.484000e+10	2.807236e-14
4.488000e+10	2.807389e-14
4.492000e+10	2.807542e-14
4.496000e+10	2.807707e-14
4.500000e+10	2.807871e-14
4.504000e+10	2.808036e-14
4.508000e+10	2.808200e-14
4.512000e+10	2.808365e-14
4.516000e+10	2.808529e-14
4.520000e+10	2.808694e-14
4.524000e+10	2.808858e-14
4.528000e+10	2.809023e-14
4.532000e+10	2.809187e-14
4.536000e+10	2.809352e-14
4.540000e+10	2.809516e-14
4.544000e+10	2.809681e-14
4.548000e+10	2.809845e-14
4.552000e+10	2.810010e-14
4.556000e+10	2.810174e-14
4.560000e+10	2.810339e-14
4.564000e+10	2.810503e-14
4.568000e+10	2.810668e-14
4.572000e+10	2.810833e-14
4.576000e+10	2.810997e-14
4.580000e+10	2.811162e-14
4.584000e+10	2.811326e-14
4.588000e+10	2.811491e-14
4.592000e+10	2.811655e-14
4.596000e+10	2.811820e-14
4.600000e+10	2.811984e-14
4.604000e+10	2.812149e-14
4.608000e+10	2.812313e-14
4.612000e+10	2.812478e-14
4.616000e+10	2.812642e-14
4.620000e+10	2.812807e-14
4.624000e+10	2.812971e-14
4.628000e+10	2.813136e-14
4.632000e+10	2.813300e-14
4.636000e+10	2.813465e-14
4.640000e+10	2.813629e-14
4.644000e+10	2.813794e-14
4.648000e+10	2.813959e-14
4.652000e+10	2.814123e-14
4.656000e+10	2.814288e-14
4.660000e+10	2.814452e-14
4.664000e+10	2.814617e-14
4.668000e+10	2.814781e-14
4.672000e+10	2.814946e-14
4.676000e+10	2.815110e-14
4.680000e+10	2.815275e-14
4.684000e+10	2.815439e-14
4.688000e+10	2.815604e-14
4.692000e+10	2.815768e-14
4.696000e+10	2.815933e-14
4.700000e+10	2.816109e-14
4.704000e+10	2.816285e-14
4.708000e+10	2.816461e-14
4.712000e+10	2.816637e-14
4.716000e+10	2.816813e-14
4.720000e+10	2.816990e-14
4.724000e+10	2.817166e-14
4.728000e+10	2.817342e-14
4.732000e+10	2.817518e-14
4.736000e+10	2.817694e-14
4.740000e+10	2.817870e-14
4.744000e+10	2.818046e-14
4.748000e+10	2.818223e-14
4.752000e+10	2.818399e-14
4.756000e+10	2.818575e-14
4.760000e+10	2.818751e-14
4.764000e+10	2.818927e-14
4.768000e+10	2.819103e-14
4.772000e+10	2.819279e-14
4.776000e+10	2.819455e-14
4.780000e+10	2.819632e-14
4.784000e+10	2.819808e-14
4.788000e+10	2.819984e-14
4.792000e+10	2.820160e-14
4.796000e+10	2.820336e-14
4.800000e+10	2.820512e-14
4.804000e+10	2.820688e-14
4.808000e+10	2.820865e-14
4.812000e+10	2.821041e-14
4.816000e+10	2.821217e-14
4.820000e+10	2.821393e-14
4.824000e+10	2.821569e-14
4.828000e+10	2.821745e-14
4.832000e+10	2.821921e-14
4.836000e+10	2.822097e-14
4.840000e+10	2.822274e-14
4.844000e+10	2.822450e-14
4.848000e+10	2.822626e-14
4.852000e+10	2.822802e-14
4.856000e+10	2.822978e-14
4.860000e+10	2.823154e-14
4.864000e+10	2.823330e-14
4.868000e+10	2.823507e-14
4.872000e+10	2.823683e-14
4.876000e+10	2.823859e-14
4.880000e+10	2.824035e-14
4.884000e+10	2.824211e-14
4.888000e+10	2.824387e-14
4.892000e+10	2.824563e-14
4.896000e+10	2.824739e-14
4.900000e+10	2.824916e-14
4.904000e+10	2.825104e-14
4.908000e+10	2.825291e-14
4.912000e+10	2.825479e-14
4.916000e+10	2.825667e-14
4.920000e+10	2.825855e-14
4.924000e+10	2.826043e-14
4.928000e+10	2.826231e-14
4.932000e+10	2.826419e-14
4.936000e+10	2.826607e-14
4.940000e+10	2.826794e-14
4.944000e+10	2.826982e-14
4.948000e+10	2.827170e-14
4.952000e+10	2.827358e-14
4.956000e+10	2.827546e-14
4.960000e+10	2.827734e-14
4.964000e+10	2.827922e-14
4.968000e+10	2.828110e-14
4.972000e+10	2.828297e-14
4.976000e+10	2.828485e-14
4.980000e+10	2.828673e-14
4.984000e+10	2.828861e-14
4.988000e+10	2.829049e-14
4.992000e+10	2.829237e-14
4.996000e+10	2.829425e-14
5.000000e+10	2.829613e-14
5.004000e+10	2.829801e-14
5.008000e+10	2.829988e-14
5.012000e+10	2.830176e-14
5.016000e+10	2.830364e-14
5.020000e+10	2.830552e-14
5.024000e+10	2.830740e-14
5.028000e+10	2.830928e-14
5.032000e+10	2.831116e-14
5.036000e+10	2.831304e-14
5.040000e+10	2.831491e-14
5.044000e+10	2.831679e-14
5.048000e+10	2.831867e-14
5.052000e+10	2.832055e-14
5.056000e+10	2.832243e-14
5.060000e+10	2.832431e-14
5.064000e+10	2.832619e-14
5.068000e+10	2.832807e-14
5.072000e+10	2.832994e-14
5.076000e+10	2.833182e-14
5.080000e+10	2.833370e-14
5.084000e+10	2.833558e-14
5.088000e+10	2.833746e-14
5.092000e+10	2.833934e-14
5.096000e+10	2.834122e-14
5.100000e+10	2.834310e-14
5.104000e+10	2.834497e-14
5.108000e+10	2.834697e-14
5.112000e+10	2.834897e-14
5.116000e+10	2.835097e-14
5.120000e+10	2.835297e-14
5.124000e+10	2.835496e-14
5.128000e+10	2.835696e-14
5.132000e+10	2.835896e-14
5.136000e+10	2.836096e-14
5.140000e+10	2.836296e-14
5.144000e+10	2.836495e-14
5.148000e+10	2.836695e-14
5.152000e+10	2.836895e-14
5.156000e+10	2.837095e-14
5.160000e+10	2.837295e-14
5.164000e+10	2.837494e-14
5.168000e+10	2.837694e-14
5.172000e+10	2.837894e-14
5.176000e+10	2.838094e-14
5.180000e+10	2.838294e-14
5.184000e+10	2.838493e-14
5.188000e+10	2.838693e-14
5.192000e+10	2.838893e-14
5.196000e+10	2.839093e-14
5.200000e+10	2.839292e-14
5.204000e+10	2.839492e-14
5.208000e+10	2.839692e-14
5.212000e+10	2.839892e-14
5.216000e+10	2.840092e-14
5.220000e+10	2.840291e-14
5.224000e+10	2.840491e-14
5.228000e+10	2.840691e-14
5.232000e+10	2.840891e-14
5.236000e+10	2.841091e-14
5.240000e+10	2.841290e-14
5.244000e+10	2.841490e-14
5.248000e+10	2.841690e-14
5.252000e+10	2.841890e-14
5.256000e+10	2.842090e-14
5.260000e+10	2.842289e-14
5.264000e+10	2.842489e-14
5.268000e+10	2.842689e-14
5.272000e+10	2.842889e-14
5.276000e+10	2.843089e-14
5.280000e+10	2.843288e-14
5.284000e+10	2.843488e-14
5.288000e+10	2.843688e-14
5.292000e+10	2.843888e-14
5.296000e+10	2.844087e-14
5.300000e+10	2.844287e-14
5.304000e+10	2.844487e-14
5.308000e+10	2.844687e-14
5.312000e+10	2.844899e-14
5.316000e+10	2.845111e-14
5.320000e+10	2.845323e-14
5.324000e+10	2.845534e-14
5.328000e+10	2.845746e-14
5.332000e+10	2.845958e-14
5.336000e+10	2.846170e-14
5.340000e+10	2.846382e-14
5.344000e+10	2.846594e-14
5.348000e+10	2.846806e-14
5.352000e+10	2.847018e-14
5.356000e+10	2.847230e-14
5.360000e+10	2.847442e-14
5.364000e+10	2.847653e-14
5.368000e+10	2.847865e-14
5.372000e+10	2.848077e-14
5.376000e+10	2.848289e-14
5.380000e+10	2.848501e-14
5.384000e+10	2.848713e-14
5.388000e+10	2.848925e-14
5.392000e+10	2.849137e-14
5.396000e+10	2.849349e-14
5.400000e+10	2.849560e-14
5.404000e+10	2.849772e-14
5.408000e+10	2.849984e-14
5.412000e+10	2.850196e-14
5.416000e+10	2.850408e-14
5.420000e+10	2.850620e-14
5.424000e+10	2.850832e-14
5.428000e+10	2.851044e-14
5.432000e+10	2.851256e-14
5.436000e+10	2.851468e-14
5.440000e+10	2.851679e-14
5.444000e+10	2.851891e-14
5.448000e+10	2.852103e-14
5.452000e+10	2.852315e-14
5.456000e+10	2.852527e-14
5.460000e+10	2.852739e-14
5.464000e+10	2.852951e-14
5.468000e+10	2.853163e-14
5.472000e+10	2.853375e-14
5.476000e+10	2.853587e-14
5.480000e+10	2.853798e-14
5.484000e+10	2.854010e-14
5.488000e+10	2.854222e-14
5.492000e+10	2.854434e-14
5.496000e+10	2.854646e-14
5.500000e+10	2.854858e-14
5.504000e+10	2.855070e-14
5.508000e+10	2.855282e-14
5.512000e+10	2.855494e-14
5.516000e+10	2.855718e-14
5.520000e+10	2.855942e-14
5.524000e+10	2.856166e-14
5.528000e+10	2.856391e-14
5.532000e+10	2.856615e-14
5.536000e+10	2.856839e-14
5.540000e+10	2.857063e-14
5.544000e+10	2.857287e-14
5.548000e+10	2.857512e-14
5.552000e+10	2.857736e-14
5.556000e+10	2.857960e-14
5.560000e+10	2.858184e-14
5.564000e+10	2.858409e-14
5.568000e+10	2.858633e-14
5.572000e+10	2.858857e-14
5.576000e+10	2.859081e-14
5.580000e+10	2.859305e-14
5.584000e+10	2.859530e-14
5.588000e+10	2.859754e-14
5.592000e+10	2.859978e-14
5.596000e+10	2.860202e-14
5.600000e+10	2.860427e-14
5.604000e+10	2.860651e-14
5.608000e+10	2.860875e-14
5.612000e+10	2.861099e-14
5.616000e+10	2.861323e-14
5.620000e+10	2.861548e-14
5.624000e+10	2.861772e-14
5.628000e+10	2.861996e-14
5.632000e+10	2.862220e-14
5.636000e+10	2.862445e-14
5.640000e+10	2.862669e-14
5.644000e+10	2.862893e-14
5.648000e+10	2.863117e-14
5.652000e+10	2.863342e-14
5.656000e+10	2.863566e-14
5.660000e+10	2.863790e-14
5.664000e+10	2.864014e-14
5.668000e+10	2.864238e-14
5.672000e+10	2.864463e-14
5.676000e+10	2.864687e-14
5.680000e+10	2.864911e-14
5.684000e+10	2.865135e-14
5.688000e+10	2.865360e-14
5.692000e+10	2.865584e-14
5.696000e+10	2.865808e-14
5.700000e+10	2.866032e-14
5.704000e+10	2.866256e-14
5.708000e+10	2.866481e-14
5.712000e+10	2.866705e-14
5.716000e+10	2.866929e-14
5.720000e+10	2.867166e-14
5.724000e+10	2.867403e-14
5.728000e+10	2.867640e-14
5.732000e+10	2.867876e-14
5.736000e+10	2.868113e-14
5.740000e+10	2.868350e-14
5.744000e+10	2.868587e-14
5.748000e+10	2.868824e-14
5.752000e+10	2.869060e-14
5.756000e+10	2.869297e-14
5.760000e+10	2.869534e-14
5.764000e+10	2.869771e-14
5.768000e+10	2.870008e-14
5.772000e+10	2.870244e-14
5.776000e+10	2.870481e-14
5.780000e+10	2.870718e-14
5.784000e+10	2.870955e-14
5.788000e+10	2.871192e-14
5.792000e+10	2.871428e-14
5.796000e+10	2.871665e-14
5.800000e+10	2.871902e-14
5.804000e+10	2.872139e-14
5.808000e+10	2.872376e-14
5.812000e+10	2.872612e-14
5.816000e+10	2.872849e-14
5.820000e+10	2.873086e-14
5.824000e+10	2.873323e-14
5.828000e+10	2.873560e-14
5.832000e+10	2.873796e-14
5.836000e+10	2.874033e-14
5.840000e+10	2.874270e-14
5.844000e+10	2.874507e-14
5.848000e+10	2.874744e-14
5.852000e+10	2.874981e-14
5.856000e+10	2.875217e-14
5.860000e+10	2.875454e-14
5.864000e+10	2.875691e-14
5.868000e+10	2.875928e-14
5.872000e+10	2.876165e-14
5.876000e+10	2.876401e-14
5.880000e+10	2.876638e-14
5.884000e+10	2.876875e-14
5.888000e+10	2.877112e-14
5.892000e+10	2.877349e-14
5.896000e+10	2.877585e-14
5.900000e+10	2.877822e-14
5.904000e+10	2.878059e-14
5.908000e+10	2.878296e-14
5.912000e+10	2.878533e-14
5.916000e+10	2.878769e-14
5.920000e+10	2.879006e-14
5.924000e+10	2.879256e-14
5.928000e+10	2.879506e-14
5.932000e+10	2.879755e-14
5.936000e+10	2.880005e-14
5.940000e+10	2.880255e-14
5.944000e+10	2.880504e-14
5.948000e+10	2.880754e-14
5.952000e+10	2.881004e-14
5.956000e+10	2.881253e-14
5.960000e+10	2.881503e-14
5.964000e+10	2.881753e-14
5.968000e+10	2.882002e-14
5.972000e+10	2.882252e-14
5.976000e+10	2.882502e-14
5.980000e+10	2.882751e-14
5.984000e+10	2.883001e-14
5.988000e+10	2.883251e-14
5.992000e+10	2.883500e-14
5.996000e+10	2.883750e-14
6.000000e+10	2.883999e-14
6.004000e+10	2.884249e-14
6.008000e+10	2.884499e-14
6.012000e+10	2.884748e-14
6.016000e+10	2.884998e-14
6.020000e+10	2.885248e-14
6.024000e+10	2.885497e-14
6.028000e+10	2.885747e-14
6.032000e+10	2.885997e-14
6.036000e+10	2.886246e-14
6.040000e+10	2.886496e-14
6.044000e+10	2.886746e-14
6.048000e+10	2.886995e-14
6.052000e+10	2.887245e-14
6.056000e+10	2.887495e-14
6.060000e+10	2.887744e-14
6.064000e+10	2.887994e-14
6.068000e+10	2.888244e-14
6.072000e+10	2.888493e-14
6.076000e+10	2.888743e-14
6.080000e+10	2.888993e-14
6.084000e+10	2.889242e-14
6.088000e+10	2.889492e-14
6.092000e+10	2.889742e-14
6.096000e+10	2.889991e-14
6.100000e+10	2.890241e-14
6.104000e+10	2.890491e-14
6.108000e+10	2.890740e-14
6.112000e+10	2.890990e-14
6.116000e+10	2.891240e-14
6.120000e+10	2.891489e-14
6.124000e+10	2.891739e-14
6.128000e+10	2.892002e-14
6.132000e+10	2.892265e-14
6.136000e+10	2.892528e-14
6.140000e+10	2.892790e-14
6.144000e+10	2.893053e-14
6.148000e+10	2.893316e-14
6.152000e+10	2.893579e-14
6.156000e+10	2.893842e-14
6.160000e+10	2.894105e-14
6.164000e+10	2.894367e-14
6.168000e+10	2.894630e-14
6.172000e+10	2.894893e-14
6.176000e+10	2.895156e-14
6.180000e+10	2.895419e-14
6.184000e+10	2.895682e-14
6.188000e+10	2.895944e-14
6.192000e+10	2.896207e-14
6.196000e+10	2.896470e-14
6.200000e+10	2.896733e-14
6.204000e+10	2.896996e-14
6.208000e+10	2.897259e-14
6.212000e+10	2.897521e-14
6.216000e+10	2.897784e-14
6.220000e+10	2.898047e-14
6.224000e+10	2.898310e-14
6.228000e+10	2.898573e-14
6.232000e+10	2.898835e-14
6.236000e+10	2.899098e-14
6.240000e+10	2.899361e-14
6.244000e+10	2.899624e-14
6.248000e+10	2.899887e-14
6.252000e+10	2.900150e-14
6.256000e+10	2.900412e-14
6.260000e+10	2.900675e-14
6.264000e+10	2.900938e-14
6.268000e+10	2.901201e-14
6.272000e+10	2.901464e-14
6.276000e+10	2.901727e-14
6.280000e+10	2.901989e-14
6.284000e+10	2.902252e-14
6.288000e+10	2.902515e-14
6.292000e+10	2.902778e-14
6.296000e+10	2.903041e-14
6.300000e+10	2.903304e-14
6.304000e+10	2.903566e-14
6.308000e+10	2.903829e-14
6.312000e+10	2.904092e-14
6.316000e+10	2.904355e-14
6.320000e+10	2.904618e-14
6.324000e+10	2.904881e-14
6.328000e+10	2.905143e-14
6.332000e+10	2.905420e-14
6.336000e+10	2.905696e-14
6.340000e+10	2.905972e-14
6.344000e+10	2.906249e-14
6.348000e+10	2.906525e-14
6.352000e+10	2.906801e-14
6.356000e+10	2.907078e-14
6.360000e+10	2.907354e-14
6.364000e+10	2.907630e-14
6.368000e+10	2.907907e-14
6.372000e+10	2.908183e-14
6.376000e+10	2.908459e-14
6.380000e+10	2.908736e-14
6.384000e+10	2.909012e-14
6.388000e+10	2.909288e-14
6.392000e+10	2.909565e-14
6.396000e+10	2.909841e-14
6.400000e+10	2.910117e-14
6.404000e+10	2.910394e-14
6.408000e+10	2.910670e-14
6.412000e+10	2.910946e-14
6.416000e+10	2.911223e-14
6.420000e+10	2.911499e-14
6.424000e+10	2.911775e-14
6.428000e+10	2.912052e-14
6.432000e+10	2.912328e-14
6.436000e+10	2.912604e-14
6.440000e+10	2.912881e-14
6.444000e+10	2.913157e-14
6.448000e+10	2.913433e-14
6.452000e+10	2.913710e-14
6.456000e+10	2.913986e-14
6.460000e+10	2.914262e-14
6.464000e+10	2.914539e-14
6.468000e+10	2.914815e-14
6.472000e+10	2.915091e-14
6.476000e+10	2.915368e-14
6.480000e+10	2.915644e-14
6.484000e+10	2.915920e-14
6.488000e+10	2.916197e-14
6.492000e+10	2.916473e-14
6.496000e+10	2.916749e-14
6.500000e+10	2.917026e-14
6.504000e+10	2.917302e-14
6.508000e+10	2.917578e-14
6.512000e+10	2.917855e-14
6.516000e+10	2.918131e-14
6.520000e+10	2.918407e-14
6.524000e+10	2.918684e-14
6.528000e+10	2.918960e-14
6.532000e+10	2.919236e-14
6.536000e+10	2.919527e-14
6.540000e+10	2.919817e-14
6.544000e+10	2.920107e-14
6.548000e+10	2.920397e-14
6.552000e+10	2.920687e-14
6.556000e+10	2.920978e-14
6.560000e+10	2.921268e-14
6.564000e+10	2.921558e-14
6.568000e+10	2.921848e-14
6.572000e+10	2.922138e-14
6.576000e+10	2.922429e-14
6.580000e+10	2.922719e-14
6.584000e+10	2.923009e-14
6.588000e+10	2.923299e-14
6.592000e+10	2.923589e-14
6.596000e+10	2.923880e-14
6.600000e+10	2.924170e-14
6.604000e+10	2.924460e-14
6.608000e+10	2.924750e-14
6.612000e+10	2.925040e-14
6.616000e+10	2.925331e-14
6.620000e+10	2.925621e-14
6.624000e+10	2.925911e-14
6.628000e+10	2.926201e-14
6.632000e+10	2.926491e-14
6.636000e+10	2.926782e-14
6.640000e+10	2.927072e-14
6.644000e+10	2.927362e-14
6.648000e+10	2.927652e-14
6.652000e+10	2.927942e-14
6.656000e+10	2.928233e-14
6.660000e+10	2.928523e-14
6.664000e+10	2.928813e-14
6.668000e+10	2.929103e-14
6.672000e+10	2.929393e-14
6.676000e+10	2.929684e-14
6.680000e+10	2.929974e-14
6.684000e+10	2.930264e-14
6.688000e+10	2.930554e-14
6.692000e+10	2.930844e-14
6.696000e+10	2.931135e-14
6.700000e+10	2.931425e-14
6.704000e+10	2.931715e-14
6.708000e+10	2.932005e-14
6.712000e+10	2.932295e-14
6.716000e+10	2.932586e-14
6.720000e+10	2.932876e-14
6.724000e+10	2.933166e-14
6.728000e+10	2.933456e-14
6.732000e+10	2.933746e-14
6.736000e+10	2.934037e-14
6.740000e+10	2.934341e-14
6.744000e+10	2.934646e-14
6.748000e+10	2.934950e-14
6.752000e+10	2.935255e-14
6.756000e+10	2.935559e-14
6.760000e+10	2.935863e-14
6.764000e+10	2.936168e-14
6.768000e+10	2.936472e-14
6.772000e+10	2.936777e-14
6.776000e+10	2.937081e-14
6.780000e+10	2.937386e-14
6.784000e+10	2.937690e-14
6.788000e+10	2.937995e-14
6.792000e+10	2.938299e-14
6.796000e+10	2.938604e-14
6.800000e+10	2.938908e-14
6.804000e+10	2.939213e-14
6.808000e+10	2.939517e-14
6.812000e+10	2.939822e-14
6.816000e+10	2.940126e-14
6.820000e+10	2.940430e-14
6.824000e+10	2.940735e-14
6.828000e+10	2.941039e-14
6.832000e+10	2.941344e-14
6.836000e+10	2.941648e-14
6.840000e+10	2.941953e-14
6.844000e+10	2.942257e-14
6.848000e+10	2.942562e-14
6.852000e+10	2.942866e-14
6.856000e+10	2.943171e-14
6.860000e+10	2.943475e-14
6.864000e+10	2.943780e-14
6.868000e+10	2.944084e-14
6.872000e+10	2.944389e-14
6.876000e+10	2.944693e-14
6.880000e+10	2.944997e-14
6.884000e+10	2.945302e-14
6.888000e+10	2.945606e-14
6.892000e+10	2.945911e-14
6.896000e+10	2.946215e-14
6.900000e+10	2.946520e-14
6.904000e+10	2.946824e-14
6.908000e+10	2.947129e-14
6.912000e+10	2.947433e-14
6.916000e+10	2.947738e-14
6.920000e+10	2.948042e-14
6.924000e+10	2.948347e-14
6.928000e+10	2.948651e-14
6.932000e+10	2.948956e-14
6.936000e+10	2.949260e-14
6.940000e+10	2.949564e-14
6.944000e+10	2.949884e-14
6.948000e+10	2.950203e-14
6.952000e+10	2.950522e-14
6.956000e+10	2.950841e-14
6.960000e+10	2.951160e-14
6.964000e+10	2.951479e-14
6.968000e+10	2.951799e-14
6.972000e+10	2.952118e-14
6.976000e+10	2.952437e-14
6.980000e+10	2.952756e-14
6.984000e+10	2.953075e-14
6.988000e+10	2.953394e-14
6.992000e+10	2.953714e-14
6.996000e+10	2.954033e-14
7.000000e+10	2.954352e-14
7.004000e+10	2.954671e-14
7.008000e+10	2.954990e-14
7.012000e+10	2.955309e-14
7.016000e+10	2.955629e-14
7.020000e+10	2.955948e-14
7.024000e+10	2.956267e-14
7.028000e+10	2.956586e-14
7.032000e+10	2.956905e-14
7.036000e+10	2.957224e-14
7.040000e+10	2.957544e-14
7.044000e+10	2.957863e-14
7.048000e+10	2.958182e-14
7.052000e+10	2.958501e-14
7.056000e+10	2.958820e-14
7.060000e+10	2.959139e-14
7.064000e+10	2.959459e-14
7.068000e+10	2.959778e-14
7.072000e+10	2.960097e-14
7.076000e+10	2.960416e-14
7.080000e+10	2.960735e-14
7.084000e+10	2.961054e-14
7.088000e+10	2.961374e-14
7.092000e+10	2.961693e-14
7.096000e+10	2.962012e-14
7.100000e+10	2.962331e-14
7.104000e+10	2.962650e-14
7.108000e+10	2.962969e-14
7.112000e+10	2.963289e-14
7.116000e+10	2.963608e-14
7.120000e+10	2.963927e-14
7.124000e+10	2.964246e-14
7.128000e+10	2.964565e-14
7.132000e+10	2.964884e-14
7.136000e+10	2.965204e-14
7.140000e+10	2.965523e-14
7.144000e+10	2.965842e-14
7.148000e+10	2.966176e-14
7.152000e+10	2.966510e-14
7.156000e+10	2.966845e-14
7.160000e+10	2.967179e-14
7.164000e+10	2.967513e-14
7.168000e+10	2.967848e-14
7.172000e+10	2.968182e-14
7.176000e+10	2.968516e-14
7.180000e+10	2.968851e-14
7.184000e+10	2.969185e-14
7.188000e+10	2.969519e-14
7.192000e+10	2.969854e-14
7.196000e+10	2.970188e-14
7.200000e+10	2.970522e-14
7.204000e+10	2.970857e-14
7.208000e+10	2.971191e-14
7.212000e+10	2.971525e-14
7.216000e+10	2.971860e-14
7.220000e+10	2.972194e-14
7.224000e+10	2.972528e-14
7.228000e+10	2.972863e-14
7.232000e+10	2.973197e-14
7.236000e+10	2.973531e-14
7.240000e+10	2.973866e-14
7.244000e+10	2.974200e-14
7.248000e+10	2.974534e-14
7.252000e+10	2.974869e-14
7.256000e+10	2.975203e-14
7.260000e+10	2.975537e-14
7.264000e+10	2.975872e-14
7.268000e+10	2.976206e-14
7.272000e+10	2.976540e-14
7.276000e+10	2.976875e-14
7.280000e+10	2.977209e-14
7.284000e+10	2.977543e-14
7.288000e+10	2.977877e-14
7.292000e+10	2.978212e-14
7.296000e+10	2.978546e-14
7.300000e+10	2.978880e-14
7.304000e+10	2.979215e-14
7.308000e+10	2.979549e-14
7.312000e+10	2.979883e-14
7.316000e+10	2.980218e-14
7.320000e+10	2.980552e-14
7.324000e+10	2.980886e-14
7.328000e+10	2.981221e-14
7.332000e+10	2.981555e-14
7.336000e+10	2.981889e-14
7.340000e+10	2.982224e-14
7.344000e+10	2.982558e-14
7.348000e+10	2.982892e-14
7.352000e+10	2.983242e-14
7.356000e+10	2.983592e-14
7.360000e+10	2.983942e-14
7.364000e+10	2.984292e-14
7.368000e+10	2.984642e-14
7.372000e+10	2.984992e-14
7.376000e+10	2.985342e-14
7.380000e+10	2.985692e-14
7.384000e+10	2.986042e-14
7.388000e+10	2.986392e-14
7.392000e+10	2.986742e-14
7.396000e+10	2.987092e-14
7.400000e+10	2.987442e-14
7.404000e+10	2.987792e-14
7.408000e+10	2.988142e-14
7.412000e+10	2.988492e-14
7.416000e+10	2.988842e-14
7.420000e+10	2.989192e-14
7.424000e+10	2.989542e-14
7.428000e+10	2.989892e-14
7.432000e+10	2.990242e-14
7.436000e+10	2.990592e-14
7.440000e+10	2.990942e-14
7.444000e+10	2.991292e-14
7.448000e+10	2.991642e-14
7.452000e+10	2.991992e-14
7.456000e+10	2.992342e-14
7.460000e+10	2.992692e-14
7.464000e+10	2.993042e-14
7.468000e+10	2.993392e-14
7.472000e+10	2.993742e-14
7.476000e+10	2.994092e-14
7.480000e+10	2.994442e-14
7.484000e+10	2.994792e-14
7.488000e+10	2.995142e-14
7.492000e+10	2.995492e-14
7.496000e+10	2.995842e-14
7.500000e+10	2.996192e-14
7.504000e+10	2.996542e-14
7.508000e+10	2.996892e-14
7.512000e+10	2.997242e-14
7.516000e+10	2.997592e-14
7.520000e+10	2.997942e-14
7.524000e+10	2.998292e-14
7.528000e+10	2.998642e-14
7.532000e+10	2.998992e-14
7.536000e+10	2.999342e-14
7.540000e+10	2.999692e-14
7.544000e+10	3.000042e-14
7.548000e+10	3.000392e-14
7.552000e+10	3.000741e-14
7.556000e+10	3.001108e-14
7.560000e+10	3.001474e-14
7.564000e+10	3.001840e-14
7.568000e+10	3.002206e-14
7.572000e+10	3.002572e-14
7.576000e+10	3.002939e-14
7.580000e+10	3.003305e-14
7.584000e+10	3.003671e-14
7.588000e+10	3.004037e-14
7.592000e+10	3.004403e-14
7.596000e+10	3.004769e-14
7.600000e+10	3.005136e-14
7.604000e+10	3.005502e-14
7.608000e+10	3.005868e-14
7.612000e+10	3.006234e-14
7.616000e+10	3.006600e-14
7.620000e+10	3.006967e-14
7.624000e+10	3.007333e-14
7.628000e+10	3.007699e-14
7.632000e+10	3.008065e-14
7.636000e+10	3.008431e-14
7.640000e+10	3.008797e-14
7.644000e+10	3.009164e-14
7.648000e+10	3.009530e-14
7.652000e+10	3.009896e-14
7.656000e+10	3.010262e-14
7.660000e+10	3.010628e-14
7.664000e+10	3.010995e-14
7.668000e+10	3.011361e-14
7.672000e+10	3.011727e-14
7.676000e+10	3.012093e-14
7.680000e+10	3.012459e-14
7.684000e+10	3.012825e-14
7.688000e+10	3.013192e-14
7.692000e+10	3.013558e-14
7.696000e+10	3.013924e-14
7.700000e+10	3.014290e-14
7.704000e+10	3.014656e-14
7.708000e+10	3.015023e-14
7.712000e+10	3.015389e-14
7.716000e+10	3.015755e-14
7.720000e+10	3.016121e-14
7.724000e+10	3.016487e-14
7.728000e+10	3.016853e-14
7.732000e+10	3.017220e-14
7.736000e+10	3.017586e-14
7.740000e+10	3.017952e-14
7.744000e+10	3.018318e-14
7.748000e+10	3.018684e-14
7.752000e+10	3.019051e-14
7.756000e+10	3.019417e-14
7.760000e+10	3.019800e-14
7.764000e+10	3.020183e-14
7.768000e+10	3.020566e-14
7.772000e+10	3.020949e-14
7.776000e+10	3.021331e-14
7.780000e+10	3.021714e-14
7.784000e+10	3.022097e-14
7.788000e+10	3.022480e-14
7.792000e+10	3.022863e-14
7.796000e+10	3.023246e-14
7.800000e+10	3.023629e-14
7.804000e+10	3.024012e-14
7.808000e+10	3.024395e-14
7.812000e+10	3.024778e-14
7.816000e+10	3.025161e-14
7.820000e+10	3.025544e-14
7.824000e+10	3.025927e-14
7.828000e+10	3.026310e-14
7.832000e+10	3.026693e-14
7.836000e+10	3.027076e-14
7.840000e+10	3.027459e-14
7.844000e+10	3.027842e-14
7.848000e+10	3.028225e-14
7.852000e+10	3.028608e-14
7.856000e+10	3.028991e-14
7.860000e+10	3.029374e-14
7.864000e+10	3.029756e-14
7.868000e+10	3.030139e-14
7.872000e+10	3.030522e-14
7.876000e+10	3.030905e-14
7.880000e+10	3.031288e-14
7.884000e+10	3.031671e-14
7.888000e+10	3.032054e-14
7.892000e+10	3.032437e-14
7.896000e+10	3.032820e-14
7.900000e+10	3.033203e-14
7.904000e+10	3.033586e-14
7.908000e+10	3.033969e-14
7.912000e+10	3.034352e-14
7.916000e+10	3.034735e-14
7.920000e+10	3.035118e-14
7.924000e+10	3.035501e-14
7.928000e+10	3.035884e-14
7.932000e+10	3.036267e-14
7.936000e+10	3.036650e-14
7.940000e+10	3.037033e-14
7.944000e+10	3.037416e-14
7.948000e+10	3.037799e-14
7.952000e+10	3.038181e-14
7.956000e+10	3.038564e-14
7.960000e+10	3.038947e-14
7.964000e+10	3.039348e-14
7.968000e+10	3.039748e-14
7.972000e+10	3.040148e-14
7.976000e+10	3.040549e-14
7.980000e+10	3.040949e-14
7.984000e+10	3.041349e-14
7.988000e+10	3.041750e-14
7.992000e+10	3.042150e-14
7.996000e+10	3.042551e-14
8.000000e+10	3.042951e-14
8.004000e+10	3.043351e-14
8.008000e+10	3.043752e-14
8.012000e+10	3.044152e-14
8.016000e+10	3.044552e-14
8.020000e+10	3.044953e-14
8.024000e+10	3.045353e-14
8.028000e+10	3.045753e-14
8.032000e+10	3.046154e-14
8.036000e+10	3.046554e-14
8.040000e+10	3.046954e-14
8.044000e+10	3.047355e-14
8.048000e+10	3.047755e-14
8.052000e+10	3.048155e-14
8.056000e+10	3.048556e-14
8.060000e+10	3.048956e-14
8.064000e+10	3.049356e-14
8.068000e+10	3.049757e-14
8.072000e+10	3.050157e-14
8.076000e+10	3.050558e-14
8.080000e+10	3.050958e-14
8.084000e+10	3.051358e-14
8.088000e+10	3.051759e-14
8.092000e+10	3.052159e-14
8.096000e+10	3.052559e-14
8.100000e+10	3.052960e-14
8.104000e+10	3.053360e-14
8.108000e+10	3.053760e-14
8.112000e+10	3.054161e-14
8.116000e+10	3.054561e-14
8.120000e+10	3.054961e-14
8.124000e+10	3.055362e-14
8.128000e+10	3.055762e-14
8.132000e+10	3.056162e-14
8.136000e+10	3.056563e-14
8.140000e+10	3.056963e-14
8.144000e+10	3.057363e-14
8.148000e+10	3.057764e-14
8.152000e+10	3.058164e-14
8.156000e+10	3.058565e-14
8.160000e+10	3.058965e-14
8.164000e+10	3.059365e-14
8.168000e+10	3.059784e-14
8.172000e+10	3.060202e-14
8.176000e+10	3.060620e-14
8.180000e+10	3.061039e-14
8.184000e+10	3.061457e-14
8.188000e+10	3.061876e-14
8.192000e+10	3.062294e-14
8.196000e+10	3.062712e-14
8.200000e+10	3.063131e-14
8.204000e+10	3.063549e-14
8.208000e+10	3.063968e-14
8.212000e+10	3.064386e-14
8.216000e+10	3.064805e-14
8.220000e+10	3.065223e-14
8.224000e+10	3.065641e-14
8.228000e+10	3.066060e-14
8.232000e+10	3.066478e-14
8.236000e+10	3.066897e-14
8.240000e+10	3.067315e-14
8.244000e+10	3.067733e-14
8.248000e+10	3.068152e-14
8.252000e+10	3.068570e-14
8.256000e+10	3.068989e-14
8.260000e+10	3.069407e-14
8.264000e+10	3.069825e-14
8.268000e+10	3.070244e-14
8.272000e+10	3.070662e-14
8.276000e+10	3.071081e-14
8.280000e+10	3.071499e-14
8.284000e+10	3.071918e-14
8.288000e+10	3.072336e-14
8.292000e+10	3.072754e-14
8.296000e+10	3.073173e-14
8.300000e+10	3.073591e-14
8.304000e+10	3.074010e-14
8.308000e+10	3.074428e-14
8.312000e+10	3.074846e-14
8.316000e+10	3.075265e-14
8.320000e+10	3.075683e-14
8.324000e+10	3.076102e-14
8.328000e+10	3.076520e-14
8.332000e+10	3.076938e-14
8.336000e+10	3.077357e-14
8.340000e+10	3.077775e-14
8.344000e+10	3.078194e-14
8.348000e+10	3.078612e-14
8.352000e+10	3.079031e-14
8.356000e+10	3.079449e-14
8.360000e+10	3.079867e-14
8.364000e+10	3.080286e-14
8.368000e+10	3.080704e-14
8.372000e+10	3.081141e-14
8.376000e+10	3.081579e-14
8.380000e+10	3.082016e-14
8.384000e+10	3.082453e-14
8.388000e+10	3.082890e-14
8.392000e+10	3.083327e-14
8.396000e+10	3.083764e-14
8.400000e+10	3.084202e-14
8.404000e+10	3.084639e-14
8.408000e+10	3.085076e-14
8.412000e+10	3.085513e-14
8.416000e+10	3.085950e-14
8.420000e+10	3.086388e-14
8.424000e+10	3.086825e-14
8.428000e+10	3.087262e-14
8.432000e+10	3.087699e-14
8.436000e+10	3.088136e-14
8.440000e+10	3.088574e-14
8.444000e+10	3.089011e-14
8.448000e+10	3.089448e-14
8.452000e+10	3.089885e-14
8.456000e+10	3.090322e-14
8.460000e+10	3.090759e-14
8.464000e+10	3.091197e-14
8.468000e+10	3.091634e-14
8.472000e+10	3.092071e-14
8.476000e+10	3.092508e-14
8.480000e+10	3.092945e-14
8.484000e+10	3.093383e-14
8.488000e+10	3.093820e-14
8.492000e+10	3.094257e-14
8.496000e+10	3.094694e-14
8.500000e+10	3.095131e-14
8.504000e+10	3.095568e-14
8.508000e+10	3.096006e-14
8.512000e+10	3.096443e-14
8.516000e+10	3.096880e-14
8.520000e+10	3.097317e-14
8.524000e+10	3.097754e-14
8.528000e+10	3.098192e-14
8.532000e+10	3.098629e-14
8.536000e+10	3.099066e-14
8.540000e+10	3.099503e-14
8.544000e+10	3.099940e-14
8.548000e+10	3.100378e-14
8.552000e+10	3.100815e-14
8.556000e+10	3.101252e-14
8.560000e+10	3.101689e-14
8.564000e+10	3.102126e-14
8.568000e+10	3.102563e-14
8.572000e+10	3.103001e-14
8.576000e+10	3.103457e-14
8.580000e+10	3.103914e-14
8.584000e+10	3.104371e-14
8.588000e+10	3.104828e-14
8.592000e+10	3.105284e-14
8.596000e+10	3.105741e-14
8.600000e+10	3.106198e-14
8.604000e+10	3.106654e-14
8.608000e+10	3.107111e-14
8.612000e+10	3.107568e-14
8.616000e+10	3.108025e-14
8.620000e+10	3.108481e-14
8.624000e+10	3.108938e-14
8.628000e+10	3.109395e-14
8.632000e+10	3.109852e-14
8.636000e+10	3.110308e-14
8.640000e+10	3.110765e-14
8.644000e+10	3.111222e-14
8.648000e+10	3.111679e-14
8.652000e+10	3.112135e-14
8.656000e+10	3.112592e-14
8.660000e+10	3.113049e-14
8.664000e+10	3.113505e-14
8.668000e+10	3.113962e-14
8.672000e+10	3.114419e-14
8.676000e+10	3.114876e-14
8.680000e+10	3.115332e-14
8.684000e+10	3.115789e-14
8.688000e+10	3.116246e-14
8.692000e+10	3.116703e-14
8.696000e+10	3.117159e-14
8.700000e+10	3.117616e-14
8.704000e+10	3.118073e-14
8.708000e+10	3.118529e-14
8.712000e+10	3.118986e-14
8.716000e+10	3.119443e-14
8.720000e+10	3.119900e-14
8.724000e+10	3.120356e-14
8.728000e+10	3.120813e-14
8.732000e+10	3.121270e-14
8.736000e+10	3.121727e-14
8.740000e+10	3.122183e-14
8.744000e+10	3.122640e-14
8.748000e+10	3.123097e-14
8.752000e+10	3.123553e-14
8.756000e+10	3.124010e-14
8.760000e+10	3.124467e-14
8.764000e+10	3.124924e-14
8.768000e+10	3.125380e-14
8.772000e+10	3.125837e-14
8.776000e+10	3.126294e-14
8.780000e+10	3.126771e-14
8.784000e+10	3.127248e-14
8.788000e+10	3.127725e-14
8.792000e+10	3.128202e-14
8.796000e+10	3.128679e-14
8.800000e+10	3.129156e-14
8.804000e+10	3.129634e-14
8.808000e+10	3.130111e-14
8.812000e+10	3.130588e-14
8.816000e+10	3.131065e-14
8.820000e+10	3.131542e-14
8.824000e+10	3.132019e-14
8.828000e+10	3.132496e-14
8.832000e+10	3.132973e-14
8.836000e+10	3.133450e-14
8.840000e+10	3.133927e-14
8.844000e+10	3.134405e-14
8.848000e+10	3.134882e-14
8.852000e+10	3.135359e-14
8.856000e+10	3.135836e-14
8.860000e+10	3.136313e-14
8.864000e+10	3.136790e-14
8.868000e+10	3.137267e-14
8.872000e+10	3.137744e-14
8.876000e+10	3.138221e-14
8.880000e+10	3.138698e-14
8.884000e+10	3.139175e-14
8.888000e+10	3.139653e-14
8.892000e+10	3.140130e-14
8.896000e+10	3.140607e-14
8.900000e+10	3.141084e-14
8.904000e+10	3.141561e-14
8.908000e+10	3.142038e-14
8.912000e+10	3.142515e-14
8.916000e+10	3.142992e-14
8.920000e+10	3.143469e-14
8.924000e+10	3.143946e-14
8.928000e+10	3.144424e-14
8.932000e+10	3.144901e-14
8.936000e+10	3.145378e-14
8.940000e+10	3.145855e-14
8.944000e+10	3.146332e-14
8.948000e+10	3.146809e-14
8.952000e+10	3.147286e-14
8.956000e+10	3.147763e-14
8.960000e+10	3.148240e-14
8.964000e+10	3.148717e-14
8.968000e+10	3.149195e-14
8.972000e+10	3.149672e-14
8.976000e+10	3.150149e-14
8.980000e+10	3.150626e-14
8.984000e+10	3.151124e-14
8.988000e+10	3.151623e-14
8.992000e+10	3.152121e-14
8.996000e+10	3.152619e-14
9.000000e+10	3.153118e-14
9.004000e+10	3.153616e-14
9.008000e+10	3.154114e-14
9.012000e+10	3.154613e-14
9.016000e+10	3.155111e-14
9.020000e+10	3.155609e-14
9.024000e+10	3.156108e-14
9.028000e+10	3.156606e-14
9.032000e+10	3.157104e-14
9.036000e+10	3.157603e-14
9.040000e+10	3.158101e-14
9.044000e+10	3.158599e-14
9.048000e+10	3.159098e-14
9.052000e+10	3.159596e-14
9.056000e+10	3.160094e-14
9.060000e+10	3.160593e-14
9.064000e+10	3.161091e-14
9.068000e+10	3.161589e-14
9.072000e+10	3.162088e-14
9.076000e+10	3.162586e-14
9.080000e+10	3.163085e-14
9.084000e+10	3.163583e-14
9.088000e+10	3.164081e-14
9.092000e+10	3.164580e-14
9.096000e+10	3.165078e-14
9.100000e+10	3.165576e-14
9.104000e+10	3.166075e-14
9.108000e+10	3.166573e-14
9.112000e+10	3.167071e-14
9.116000e+10	3.167570e-14
9.120000e+10	3.168068e-14
9.124000e+10	3.168566e-14
9.128000e+10	3.169065e-14
9.132000e+10	3.169563e-14
9.136000e+10	3.170061e-14
9.140000e+10	3.170560e-14
9.144000e+10	3.171058e-14
9.148000e+10	3.171556e-14
9.152000e+10	3.172055e-14
9.156000e+10	3.172553e-14
9.160000e+10	3.173052e-14
9.164000e+10	3.173550e-14
9.168000e+10	3.174048e-14
9.172000e+10	3.174547e-14
9.176000e+10	3.175045e-14
9.180000e+10	3.175543e-14
9.184000e+10	3.176042e-14
9.188000e+10	3.176562e-14
9.192000e+10	3.177083e-14
9.196000e+10	3.177603e-14
9.200000e+10	3.178124e-14
9.204000e+10	3.178644e-14
9.208000e+10	3.179165e-14
9.212000e+10	3.179685e-14
9.216000e+10	3.180206e-14
9.220000e+10	3.180727e-14
9.224000e+10	3.181247e-14
9.228000e+10	3.181768e-14
9.232000e+10	3.182288e-14
9.236000e+10	3.182809e-14
9.240000e+10	3.183329e-14
9.244000e+10	3.183850e-14
9.248000e+10	3.184370e-14
9.252000e+10	3.184891e-14
9.256000e+10	3.185412e-14
9.260000e+10	3.185932e-14
9.264000e+10	3.186453e-14
9.268000e+10	3.186973e-14
9.272000e+10	3.187494e-14
9.276000e+10	3.188014e-14
9.280000e+10	3.188535e-14
9.284000e+10	3.189055e-14
9.288000e+10	3.189576e-14
9.292000e+10	3.190097e-14
9.296000e+10	3.190617e-14
9.300000e+10	3.191138e-14
9.304000e+10	3.191658e-14
9.308000e+10	3.192179e-14
9.312000e+10	3.192699e-14
9.316000e+10	3.193220e-14
9.320000e+10	3.193740e-14
9.324000e+10	3.194261e-14
9.328000e+10	3.194782e-14
9.332000e+10	3.195302e-14
9.336000e+10	3.195823e-14
9.340000e+10	3.196343e-14
9.344000e+10	3.196864e-14
9.348000e+10	3.197384e-14
9.352000e+10	3.197905e-14
9.356000e+10	3.198425e-14
9.360000e+10	3.198946e-14
9.364000e+10	3.199466e-14
9.368000e+10	3.199987e-14
9.372000e+10	3.200508e-14
9.376000e+10	3.201028e-14
9.380000e+10	3.201549e-14
9.384000e+10	3.202069e-14
9.388000e+10	3.202590e-14
9.392000e+10	3.203134e-14
9.396000e+10	3.203677e-14
9.400000e+10	3.204221e-14
9.404000e+10	3.204765e-14
9.408000e+10	3.205309e-14
9.412000e+10	3.205852e-14
9.416000e+10	3.206396e-14
9.420000e+10	3.206940e-14
9.424000e+10	3.207484e-14
9.428000e+10	3.208028e-14
9.432000e+10	3.208571e-14
9.436000e+10	3.209115e-14
9.440000e+10	3.209659e-14
9.444000e+10	3.210203e-14
9.448000e+10	3.210746e-14
9.452000e+10	3.211290e-14
9.456000e+10	3.211834e-14
9.460000e+10	3.212378e-14
9.464000e+10	3.212922e-14
9.468000e+10	3.213465e-14
9.472000e+10	3.214009e-14
9.476000e+10	3.214553e-14
9.480000e+10	3.215097e-14
9.484000e+10	3.215640e-14
9.488000e+10	3.216184e-14
9.492000e+10	3.216728e-14
9.496000e+10	3.217272e-14
9.500000e+10	3.217816e-14
9.504000e+10	3.218359e-14
9.508000e+10	3.218903e-14
9.512000e+10	3.219447e-14
9.516000e+10	3.219991e-14
9.520000e+10	3.220535e-14
9.524000e+10	3.221078e-14
9.528000e+10	3.221622e-14
9.532000e+10	3.222166e-14
9.536000e+10	3.222710e-14
9.540000e+10	3.223253e-14
9.544000e+10	3.223797e-14
9.548000e+10	3.224341e-14
9.552000e+10	3.224885e-14
9.556000e+10	3.225429e-14
9.560000e+10	3.225972e-14
9.564000e+10	3.226516e-14
9.568000e+10	3.227060e-14
9.572000e+10	3.227604e-14
9.576000e+10	3.228147e-14
9.580000e+10	3.228691e-14
9.584000e+10	3.229235e-14
9.588000e+10	3.229779e-14
9.592000e+10	3.230323e-14
9.596000e+10	3.230891e-14
9.600000e+10	3.231459e-14
9.604000e+10	3.232027e-14
9.608000e+10	3.232595e-14
9.612000e+10	3.233163e-14
9.616000e+10	3.233731e-14
9.620000e+10	3.234299e-14
9.624000e+10	3.234867e-14
9.628000e+10	3.235435e-14
9.632000e+10	3.236004e-14
9.636000e+10	3.236572e-14
9.640000e+10	3.237140e-14
9.644000e+10	3.237708e-14
9.648000e+10	3.238276e-14
9.652000e+10	3.238844e-14
9.656000e+10	3.239412e-14
9.660000e+10	3.239980e-14
9.664000e+10	3.240548e-14
9.668000e+10	3.241116e-14
9.672000e+10	3.241685e-14
9.676000e+10	3.242253e-14
9.680000e+10	3.242821e-14
9.684000e+10	3.243389e-14
9.688000e+10	3.243957e-14
9.692000e+10	3.244525e-14
9.696000e+10	3.245093e-14
9.700000e+10	3.245661e-14
9.704000e+10	3.246229e-14
9.708000e+10	3.246798e-14
9.712000e+10	3.247366e-14
9.716000e+10	3.247934e-14
9.720000e+10	3.248502e-14
9.724000e+10	3.249070e-14
9.728000e+10	3.249638e-14
9.732000e+10	3.250206e-14
9.736000e+10	3.250774e-14
9.740000e+10	3.251342e-14
9.744000e+10	3.251910e-14
9.748000e+10	3.252479e-14
9.752000e+10	3.253047e-14
9.756000e+10	3.253615e-14
9.760000e+10	3.254183e-14
9.764000e+10	3.254751e-14
9.768000e+10	3.255319e-14
9.772000e+10	3.255887e-14
9.776000e+10	3.256455e-14
9.780000e+10	3.257023e-14
9.784000e+10	3.257592e-14
9.788000e+10	3.258160e-14
9.792000e+10	3.258728e-14
9.796000e+10	3.259296e-14
9.800000e+10	3.259889e-14
9.804000e+10	3.260483e-14
9.808000e+10	3.261077e-14
9.812000e+10	3.261670e-14
9.816000e+10	3.262264e-14
9.820000e+10	3.262858e-14
9.824000e+10	3.263451e-14
9.828000e+10	3.264045e-14
9.832000e+10	3.264638e-14
9.836000e+10	3.265232e-14
9.840000e+10	3.265826e-14
9.844000e+10	3.266419e-14
9.848000e+10	3.267013e-14
9.852000e+10	3.267606e-14
9.856000e+10	3.268200e-14
9.860000e+10	3.268794e-14
9.864000e+10	3.269387e-14
9.868000e+10	3.269981e-14
9.872000e+10	3.270575e-14
9.876000e+10	3.271168e-14
9.880000e+10	3.271762e-14
9.884000e+10	3.272355e-14
9.888000e+10	3.272949e-14
9.892000e+10	3.273543e-14
9.896000e+10	3.274136e-14
9.900000e+10	3.274730e-14
9.904000e+10	3.275323e-14
9.908000e+10	3.275917e-14
9.912000e+10	3.276511e-14
9.916000e+10	3.277104e-14
9.920000e+10	3.277698e-14
9.924000e+10	3.278292e-14
9.928000e+10	3.278885e-14
9.932000e+10	3.279479e-14
9.936000e+10	3.280072e-14
9.940000e+10	3.280666e-14
9.944000e+10	3.281260e-14
9.948000e+10	3.281853e-14
9.952000e+10	3.282447e-14
9.956000e+10	3.283040e-14
9.960000e+10	3.283634e-14
9.964000e+10	3.284228e-14
9.968000e+10	3.284821e-14
9.972000e+10	3.285415e-14
9.976000e+10	3.286009e-14
9.980000e+10	3.286602e-14
9.984000e+10	3.287196e-14
9.988000e+10	3.287789e-14
9.992000e+10	3.288383e-14
9.996000e+10	3.288977e-14
1.000000e+11	3.289570e-14
