4.000000e+07	9.612054e-14
8.000000e+07	9.612057e-14
1.200000e+08	9.612063e-14
1.600000e+08	9.612071e-14
2.000000e+08	9.612081e-14
2.400000e+08	9.612093e-14
2.800000e+08	9.612108e-14
3.200000e+08	9.612125e-14
3.600000e+08	9.612144e-14
4.000000e+08	9.612165e-14
4.400000e+08	9.612189e-14
4.800000e+08	9.612214e-14
5.200000e+08	9.612242e-14
5.600000e+08	9.612273e-14
6.000000e+08	9.612305e-14
6.400000e+08	9.612340e-14
6.800000e+08	9.612377e-14
7.200000e+08	9.612417e-14
7.600000e+08	9.612458e-14
8.000000e+08	9.612502e-14
8.400000e+08	9.612548e-14
8.800000e+08	9.612596e-14
9.200000e+08	9.612647e-14
9.600000e+08	9.612700e-14
1.000000e+09	9.612755e-14
1.040000e+09	9.612812e-14
1.080000e+09	9.612871e-14
1.120000e+09	9.612933e-14
1.160000e+09	9.612997e-14
1.200000e+09	9.613063e-14
1.240000e+09	9.613132e-14
1.280000e+09	9.613203e-14
1.320000e+09	9.613276e-14
1.360000e+09	9.613351e-14
1.400000e+09	9.613429e-14
1.440000e+09	9.613508e-14
1.480000e+09	9.613590e-14
1.520000e+09	9.613675e-14
1.560000e+09	9.613761e-14
1.600000e+09	9.613850e-14
1.640000e+09	9.613941e-14
1.680000e+09	9.614034e-14
1.720000e+09	9.614130e-14
1.760000e+09	9.614227e-14
1.800000e+09	9.614327e-14
1.840000e+09	9.614430e-14
1.880000e+09	9.614534e-14
1.920000e+09	9.614641e-14
1.960000e+09	9.614750e-14
2.000000e+09	9.614861e-14
2.040000e+09	9.614975e-14
2.080000e+09	9.615090e-14
2.120000e+09	9.615208e-14
2.160000e+09	9.615329e-14
2.200000e+09	9.615451e-14
2.240000e+09	9.615576e-14
2.280000e+09	9.615703e-14
2.320000e+09	9.615832e-14
2.360000e+09	9.615964e-14
2.400000e+09	9.616098e-14
2.440000e+09	9.616234e-14
2.480000e+09	9.616372e-14
2.520000e+09	9.616512e-14
2.560000e+09	9.616655e-14
2.600000e+09	9.616800e-14
2.640000e+09	9.616948e-14
2.680000e+09	9.617097e-14
2.720000e+09	9.617249e-14
2.760000e+09	9.617403e-14
2.800000e+09	9.617559e-14
2.840000e+09	9.617718e-14
2.880000e+09	9.617879e-14
2.920000e+09	9.618042e-14
2.960000e+09	9.618207e-14
3.000000e+09	9.618375e-14
3.040000e+09	9.618545e-14
3.080000e+09	9.618717e-14
3.120000e+09	9.618891e-14
3.160000e+09	9.619068e-14
3.200000e+09	9.619247e-14
3.240000e+09	9.619428e-14
3.280000e+09	9.619612e-14
3.320000e+09	9.619797e-14
3.360000e+09	9.619985e-14
3.400000e+09	9.620175e-14
3.440000e+09	9.620368e-14
3.480000e+09	9.620563e-14
3.520000e+09	9.620760e-14
3.560000e+09	9.620959e-14
3.600000e+09	9.621160e-14
3.640000e+09	9.621364e-14
3.680000e+09	9.621570e-14
3.720000e+09	9.621779e-14
3.760000e+09	9.621989e-14
3.800000e+09	9.622202e-14
3.840000e+09	9.622417e-14
3.880000e+09	9.622635e-14
3.920000e+09	9.622854e-14
3.960000e+09	9.623076e-14
4.000000e+09	9.623300e-14
4.040000e+09	9.623527e-14
4.080000e+09	9.623756e-14
4.120000e+09	9.623987e-14
4.160000e+09	9.624220e-14
4.200000e+09	9.624455e-14
4.240000e+09	9.624693e-14
4.280000e+09	9.624933e-14
4.320000e+09	9.625176e-14
4.360000e+09	9.625420e-14
4.400000e+09	9.625667e-14
4.440000e+09	9.625916e-14
4.480000e+09	9.626168e-14
4.520000e+09	9.626421e-14
4.560000e+09	9.626677e-14
4.600000e+09	9.626936e-14
4.640000e+09	9.627196e-14
4.680000e+09	9.627459e-14
4.720000e+09	9.627724e-14
4.760000e+09	9.627991e-14
4.800000e+09	9.628261e-14
4.840000e+09	9.628533e-14
4.880000e+09	9.628807e-14
4.920000e+09	9.629084e-14
4.960000e+09	9.629362e-14
5.000000e+09	9.629644e-14
5.040000e+09	9.629927e-14
5.080000e+09	9.630212e-14
5.120000e+09	9.630500e-14
5.160000e+09	9.630790e-14
5.200000e+09	9.631083e-14
5.240000e+09	9.631378e-14
5.280000e+09	9.631675e-14
5.320000e+09	9.631974e-14
5.360000e+09	9.632276e-14
5.400000e+09	9.632579e-14
5.440000e+09	9.632886e-14
5.480000e+09	9.633194e-14
5.520000e+09	9.633505e-14
5.560000e+09	9.633818e-14
5.600000e+09	9.634133e-14
5.640000e+09	9.634451e-14
5.680000e+09	9.634771e-14
5.720000e+09	9.635093e-14
5.760000e+09	9.635417e-14
5.800000e+09	9.635744e-14
5.840000e+09	9.636073e-14
5.880000e+09	9.636404e-14
5.920000e+09	9.636738e-14
5.960000e+09	9.637074e-14
6.000000e+09	9.637412e-14
6.040000e+09	9.637753e-14
6.080000e+09	9.638096e-14
6.120000e+09	9.638441e-14
6.160000e+09	9.638788e-14
6.200000e+09	9.639138e-14
6.240000e+09	9.639490e-14
6.280000e+09	9.639844e-14
6.320000e+09	9.640201e-14
6.360000e+09	9.640560e-14
6.400000e+09	9.640921e-14
6.440000e+09	9.641284e-14
6.480000e+09	9.641650e-14
6.520000e+09	9.642018e-14
6.560000e+09	9.642389e-14
6.600000e+09	9.642762e-14
6.640000e+09	9.643137e-14
6.680000e+09	9.643514e-14
6.720000e+09	9.643894e-14
6.760000e+09	9.644276e-14
6.800000e+09	9.644660e-14
6.840000e+09	9.645047e-14
6.880000e+09	9.645435e-14
6.920000e+09	9.645827e-14
6.960000e+09	9.646220e-14
7.000000e+09	9.646616e-14
7.040000e+09	9.647014e-14
7.080000e+09	9.647415e-14
7.120000e+09	9.647818e-14
7.160000e+09	9.648223e-14
7.200000e+09	9.648630e-14
7.240000e+09	9.649040e-14
7.280000e+09	9.649452e-14
7.320000e+09	9.649866e-14
7.360000e+09	9.650283e-14
7.400000e+09	9.650702e-14
7.440000e+09	9.651123e-14
7.480000e+09	9.651547e-14
7.520000e+09	9.651973e-14
7.560000e+09	9.652401e-14
7.600000e+09	9.652832e-14
7.640000e+09	9.653265e-14
7.680000e+09	9.653700e-14
7.720000e+09	9.654138e-14
7.760000e+09	9.654578e-14
7.800000e+09	9.655020e-14
7.840000e+09	9.655465e-14
7.880000e+09	9.655912e-14
7.920000e+09	9.656361e-14
7.960000e+09	9.656813e-14
8.000000e+09	9.657267e-14
8.040000e+09	9.657723e-14
8.080000e+09	9.658182e-14
8.120000e+09	9.658643e-14
8.160000e+09	9.659106e-14
8.200000e+09	9.659572e-14
8.240000e+09	9.660040e-14
8.280000e+09	9.660510e-14
8.320000e+09	9.660983e-14
8.360000e+09	9.661458e-14
8.400000e+09	9.661935e-14
8.440000e+09	9.662415e-14
8.480000e+09	9.662897e-14
8.520000e+09	9.663381e-14
8.560000e+09	9.663868e-14
8.600000e+09	9.664357e-14
8.640000e+09	9.664849e-14
8.680000e+09	9.665342e-14
8.720000e+09	9.665838e-14
8.760000e+09	9.666337e-14
8.800000e+09	9.666838e-14
8.840000e+09	9.667341e-14
8.880000e+09	9.667847e-14
8.920000e+09	9.668355e-14
8.960000e+09	9.668865e-14
9.000000e+09	9.669378e-14
9.040000e+09	9.669893e-14
9.080000e+09	9.670410e-14
9.120000e+09	9.670930e-14
9.160000e+09	9.671452e-14
9.200000e+09	9.671976e-14
9.240000e+09	9.672503e-14
9.280000e+09	9.673032e-14
9.320000e+09	9.673564e-14
9.360000e+09	9.674098e-14
9.400000e+09	9.674634e-14
9.440000e+09	9.675173e-14
9.480000e+09	9.675714e-14
9.520000e+09	9.676257e-14
9.560000e+09	9.676803e-14
9.600000e+09	9.677351e-14
9.640000e+09	9.677902e-14
9.680000e+09	9.678455e-14
9.720000e+09	9.679010e-14
9.760000e+09	9.679568e-14
9.800000e+09	9.680128e-14
9.840000e+09	9.680690e-14
9.880000e+09	9.681255e-14
9.920000e+09	9.681822e-14
9.960000e+09	9.682392e-14
1.000000e+10	9.682964e-14
1.004000e+10	9.683538e-14
1.008000e+10	9.684115e-14
1.012000e+10	9.684694e-14
1.016000e+10	9.685276e-14
1.020000e+10	9.685859e-14
1.024000e+10	9.686446e-14
1.028000e+10	9.687035e-14
1.032000e+10	9.687626e-14
1.036000e+10	9.688219e-14
1.040000e+10	9.688815e-14
1.044000e+10	9.689413e-14
1.048000e+10	9.690014e-14
1.052000e+10	9.690617e-14
1.056000e+10	9.691223e-14
1.060000e+10	9.691831e-14
1.064000e+10	9.692441e-14
1.068000e+10	9.693054e-14
1.072000e+10	9.693669e-14
1.076000e+10	9.694287e-14
1.080000e+10	9.694906e-14
1.084000e+10	9.695529e-14
1.088000e+10	9.696154e-14
1.092000e+10	9.696781e-14
1.096000e+10	9.697411e-14
1.100000e+10	9.698043e-14
1.104000e+10	9.698677e-14
1.108000e+10	9.699314e-14
1.112000e+10	9.699953e-14
1.116000e+10	9.700595e-14
1.120000e+10	9.701239e-14
1.124000e+10	9.701886e-14
1.128000e+10	9.702535e-14
1.132000e+10	9.703186e-14
1.136000e+10	9.703840e-14
1.140000e+10	9.704496e-14
1.144000e+10	9.705155e-14
1.148000e+10	9.705816e-14
1.152000e+10	9.706480e-14
1.156000e+10	9.707146e-14
1.160000e+10	9.707814e-14
1.164000e+10	9.708485e-14
1.168000e+10	9.709159e-14
1.172000e+10	9.709834e-14
1.176000e+10	9.710513e-14
1.180000e+10	9.711193e-14
1.184000e+10	9.711876e-14
1.188000e+10	9.712562e-14
1.192000e+10	9.713250e-14
1.196000e+10	9.713940e-14
1.200000e+10	9.714633e-14
1.204000e+10	9.715329e-14
1.208000e+10	9.716027e-14
1.212000e+10	9.716727e-14
1.216000e+10	9.717430e-14
1.220000e+10	9.718135e-14
1.224000e+10	9.718843e-14
1.228000e+10	9.719553e-14
1.232000e+10	9.720265e-14
1.236000e+10	9.720980e-14
1.240000e+10	9.721698e-14
1.244000e+10	9.722418e-14
1.248000e+10	9.723140e-14
1.252000e+10	9.723865e-14
1.256000e+10	9.724593e-14
1.260000e+10	9.725322e-14
1.264000e+10	9.726055e-14
1.268000e+10	9.726790e-14
1.272000e+10	9.727527e-14
1.276000e+10	9.728267e-14
1.280000e+10	9.729009e-14
1.284000e+10	9.729754e-14
1.288000e+10	9.730501e-14
1.292000e+10	9.731251e-14
1.296000e+10	9.732003e-14
1.300000e+10	9.732758e-14
1.304000e+10	9.733515e-14
1.308000e+10	9.734274e-14
1.312000e+10	9.735037e-14
1.316000e+10	9.735801e-14
1.320000e+10	9.736568e-14
1.324000e+10	9.737338e-14
1.328000e+10	9.738110e-14
1.332000e+10	9.738885e-14
1.336000e+10	9.739662e-14
1.340000e+10	9.740442e-14
1.344000e+10	9.741224e-14
1.348000e+10	9.742009e-14
1.352000e+10	9.742796e-14
1.356000e+10	9.743586e-14
1.360000e+10	9.744378e-14
1.364000e+10	9.745173e-14
1.368000e+10	9.745970e-14
1.372000e+10	9.746770e-14
1.376000e+10	9.747572e-14
1.380000e+10	9.748377e-14
1.384000e+10	9.749184e-14
1.388000e+10	9.749994e-14
1.392000e+10	9.750806e-14
1.396000e+10	9.751621e-14
1.400000e+10	9.752439e-14
1.404000e+10	9.753259e-14
1.408000e+10	9.754081e-14
1.412000e+10	9.754906e-14
1.416000e+10	9.755734e-14
1.420000e+10	9.756564e-14
1.424000e+10	9.757397e-14
1.428000e+10	9.758232e-14
1.432000e+10	9.759070e-14
1.436000e+10	9.759910e-14
1.440000e+10	9.760753e-14
1.444000e+10	9.761598e-14
1.448000e+10	9.762446e-14
1.452000e+10	9.763297e-14
1.456000e+10	9.764150e-14
1.460000e+10	9.765005e-14
1.464000e+10	9.765864e-14
1.468000e+10	9.766724e-14
1.472000e+10	9.767588e-14
1.476000e+10	9.768453e-14
1.480000e+10	9.769322e-14
1.484000e+10	9.770193e-14
1.488000e+10	9.771066e-14
1.492000e+10	9.771943e-14
1.496000e+10	9.772821e-14
1.500000e+10	9.773703e-14
1.504000e+10	9.774586e-14
1.508000e+10	9.775473e-14
1.512000e+10	9.776362e-14
1.516000e+10	9.777254e-14
1.520000e+10	9.778148e-14
1.524000e+10	9.779044e-14
1.528000e+10	9.779944e-14
1.532000e+10	9.780846e-14
1.536000e+10	9.781750e-14
1.540000e+10	9.782658e-14
1.544000e+10	9.783567e-14
1.548000e+10	9.784480e-14
1.552000e+10	9.785395e-14
1.556000e+10	9.786312e-14
1.560000e+10	9.787232e-14
1.564000e+10	9.788155e-14
1.568000e+10	9.789080e-14
1.572000e+10	9.790008e-14
1.576000e+10	9.790939e-14
1.580000e+10	9.791872e-14
1.584000e+10	9.792808e-14
1.588000e+10	9.793746e-14
1.592000e+10	9.794687e-14
1.596000e+10	9.795631e-14
1.600000e+10	9.796577e-14
1.604000e+10	9.797526e-14
1.608000e+10	9.798478e-14
1.612000e+10	9.799432e-14
1.616000e+10	9.800389e-14
1.620000e+10	9.801348e-14
1.624000e+10	9.802310e-14
1.628000e+10	9.803275e-14
1.632000e+10	9.804242e-14
1.636000e+10	9.805212e-14
1.640000e+10	9.806185e-14
1.644000e+10	9.807160e-14
1.648000e+10	9.808138e-14
1.652000e+10	9.809119e-14
1.656000e+10	9.810102e-14
1.660000e+10	9.811088e-14
1.664000e+10	9.812077e-14
1.668000e+10	9.813068e-14
1.672000e+10	9.814062e-14
1.676000e+10	9.815058e-14
1.680000e+10	9.816057e-14
1.684000e+10	9.817059e-14
1.688000e+10	9.818064e-14
1.692000e+10	9.819071e-14
1.696000e+10	9.820081e-14
1.700000e+10	9.821094e-14
1.704000e+10	9.822109e-14
1.708000e+10	9.823127e-14
1.712000e+10	9.824147e-14
1.716000e+10	9.825171e-14
1.720000e+10	9.826197e-14
1.724000e+10	9.827225e-14
1.728000e+10	9.828257e-14
1.732000e+10	9.829291e-14
1.736000e+10	9.830328e-14
1.740000e+10	9.831367e-14
1.744000e+10	9.832409e-14
1.748000e+10	9.833454e-14
1.752000e+10	9.834502e-14
1.756000e+10	9.835552e-14
1.760000e+10	9.836605e-14
1.764000e+10	9.837661e-14
1.768000e+10	9.838719e-14
1.772000e+10	9.839780e-14
1.776000e+10	9.840844e-14
1.780000e+10	9.841911e-14
1.784000e+10	9.842980e-14
1.788000e+10	9.844052e-14
1.792000e+10	9.845127e-14
1.796000e+10	9.846204e-14
1.800000e+10	9.847285e-14
1.804000e+10	9.848368e-14
1.808000e+10	9.849453e-14
1.812000e+10	9.850542e-14
1.816000e+10	9.851633e-14
1.820000e+10	9.852727e-14
1.824000e+10	9.853824e-14
1.828000e+10	9.854923e-14
1.832000e+10	9.856025e-14
1.836000e+10	9.857130e-14
1.840000e+10	9.858238e-14
1.844000e+10	9.859348e-14
1.848000e+10	9.860462e-14
1.852000e+10	9.861578e-14
1.856000e+10	9.862696e-14
1.860000e+10	9.863818e-14
1.864000e+10	9.864942e-14
1.868000e+10	9.866069e-14
1.872000e+10	9.867199e-14
1.876000e+10	9.868332e-14
1.880000e+10	9.869467e-14
1.884000e+10	9.870605e-14
1.888000e+10	9.871746e-14
1.892000e+10	9.872890e-14
1.896000e+10	9.874037e-14
1.900000e+10	9.875186e-14
1.904000e+10	9.876338e-14
1.908000e+10	9.877493e-14
1.912000e+10	9.878651e-14
1.916000e+10	9.879812e-14
1.920000e+10	9.880975e-14
1.924000e+10	9.882141e-14
1.928000e+10	9.883310e-14
1.932000e+10	9.884482e-14
1.936000e+10	9.885657e-14
1.940000e+10	9.886834e-14
1.944000e+10	9.888015e-14
1.948000e+10	9.889198e-14
1.952000e+10	9.890384e-14
1.956000e+10	9.891573e-14
1.960000e+10	9.892764e-14
1.964000e+10	9.893959e-14
1.968000e+10	9.895156e-14
1.972000e+10	9.896356e-14
1.976000e+10	9.897559e-14
1.980000e+10	9.898765e-14
1.984000e+10	9.899974e-14
1.988000e+10	9.901185e-14
1.992000e+10	9.902400e-14
1.996000e+10	9.903617e-14
2.000000e+10	9.904837e-14
2.004000e+10	9.906060e-14
2.008000e+10	9.907286e-14
2.012000e+10	9.908515e-14
2.016000e+10	9.909746e-14
2.020000e+10	9.910981e-14
2.024000e+10	9.912218e-14
2.028000e+10	9.913458e-14
2.032000e+10	9.914702e-14
2.036000e+10	9.915948e-14
2.040000e+10	9.917196e-14
2.044000e+10	9.918448e-14
2.048000e+10	9.919703e-14
2.052000e+10	9.920961e-14
2.056000e+10	9.922221e-14
2.060000e+10	9.923484e-14
2.064000e+10	9.924751e-14
2.068000e+10	9.926020e-14
2.072000e+10	9.927292e-14
2.076000e+10	9.928567e-14
2.080000e+10	9.929845e-14
2.084000e+10	9.931126e-14
2.088000e+10	9.932410e-14
2.092000e+10	9.933697e-14
2.096000e+10	9.934986e-14
2.100000e+10	9.936279e-14
2.104000e+10	9.937574e-14
2.108000e+10	9.938873e-14
2.112000e+10	9.940174e-14
2.116000e+10	9.941479e-14
2.120000e+10	9.942786e-14
2.124000e+10	9.944096e-14
2.128000e+10	9.945410e-14
2.132000e+10	9.946726e-14
2.136000e+10	9.948045e-14
2.140000e+10	9.949367e-14
2.144000e+10	9.950692e-14
2.148000e+10	9.952020e-14
2.152000e+10	9.953351e-14
2.156000e+10	9.954685e-14
2.160000e+10	9.956022e-14
2.164000e+10	9.957362e-14
2.168000e+10	9.958705e-14
2.172000e+10	9.960051e-14
2.176000e+10	9.961400e-14
2.180000e+10	9.962752e-14
2.184000e+10	9.964107e-14
2.188000e+10	9.965465e-14
2.192000e+10	9.966826e-14
2.196000e+10	9.968190e-14
2.200000e+10	9.969556e-14
2.204000e+10	9.970926e-14
2.208000e+10	9.972299e-14
2.212000e+10	9.973675e-14
2.216000e+10	9.975054e-14
2.220000e+10	9.976436e-14
2.224000e+10	9.977822e-14
2.228000e+10	9.979210e-14
2.232000e+10	9.980601e-14
2.236000e+10	9.981995e-14
2.240000e+10	9.983392e-14
2.244000e+10	9.984792e-14
2.248000e+10	9.986196e-14
2.252000e+10	9.987602e-14
2.256000e+10	9.989012e-14
2.260000e+10	9.990424e-14
2.264000e+10	9.991840e-14
2.268000e+10	9.993258e-14
2.272000e+10	9.994680e-14
2.276000e+10	9.996105e-14
2.280000e+10	9.997533e-14
2.284000e+10	9.998963e-14
2.288000e+10	1.000040e-13
2.292000e+10	1.000183e-13
2.296000e+10	1.000327e-13
2.300000e+10	1.000472e-13
2.304000e+10	1.000616e-13
2.308000e+10	1.000761e-13
2.312000e+10	1.000907e-13
2.316000e+10	1.001052e-13
2.320000e+10	1.001198e-13
2.324000e+10	1.001344e-13
2.328000e+10	1.001491e-13
2.332000e+10	1.001638e-13
2.336000e+10	1.001785e-13
2.340000e+10	1.001932e-13
2.344000e+10	1.002080e-13
2.348000e+10	1.002228e-13
2.352000e+10	1.002376e-13
2.356000e+10	1.002525e-13
2.360000e+10	1.002674e-13
2.364000e+10	1.002823e-13
2.368000e+10	1.002973e-13
2.372000e+10	1.003123e-13
2.376000e+10	1.003273e-13
2.380000e+10	1.003424e-13
2.384000e+10	1.003575e-13
2.388000e+10	1.003726e-13
2.392000e+10	1.003877e-13
2.396000e+10	1.004029e-13
2.400000e+10	1.004182e-13
2.404000e+10	1.004334e-13
2.408000e+10	1.004487e-13
2.412000e+10	1.004640e-13
2.416000e+10	1.004793e-13
2.420000e+10	1.004947e-13
2.424000e+10	1.005101e-13
2.428000e+10	1.005256e-13
2.432000e+10	1.005410e-13
2.436000e+10	1.005565e-13
2.440000e+10	1.005721e-13
2.444000e+10	1.005877e-13
2.448000e+10	1.006033e-13
2.452000e+10	1.006189e-13
2.456000e+10	1.006346e-13
2.460000e+10	1.006503e-13
2.464000e+10	1.006660e-13
2.468000e+10	1.006817e-13
2.472000e+10	1.006975e-13
2.476000e+10	1.007134e-13
2.480000e+10	1.007292e-13
2.484000e+10	1.007451e-13
2.488000e+10	1.007611e-13
2.492000e+10	1.007770e-13
2.496000e+10	1.007930e-13
2.500000e+10	1.008090e-13
2.504000e+10	1.008251e-13
2.508000e+10	1.008412e-13
2.512000e+10	1.008573e-13
2.516000e+10	1.008735e-13
2.520000e+10	1.008896e-13
2.524000e+10	1.009059e-13
2.528000e+10	1.009221e-13
2.532000e+10	1.009384e-13
2.536000e+10	1.009547e-13
2.540000e+10	1.009711e-13
2.544000e+10	1.009875e-13
2.548000e+10	1.010039e-13
2.552000e+10	1.010204e-13
2.556000e+10	1.010368e-13
2.560000e+10	1.010534e-13
2.564000e+10	1.010699e-13
2.568000e+10	1.010865e-13
2.572000e+10	1.011031e-13
2.576000e+10	1.011198e-13
2.580000e+10	1.011365e-13
2.584000e+10	1.011532e-13
2.588000e+10	1.011699e-13
2.592000e+10	1.011867e-13
2.596000e+10	1.012036e-13
2.600000e+10	1.012204e-13
2.604000e+10	1.012373e-13
2.608000e+10	1.012542e-13
2.612000e+10	1.012712e-13
2.616000e+10	1.012882e-13
2.620000e+10	1.013052e-13
2.624000e+10	1.013223e-13
2.628000e+10	1.013394e-13
2.632000e+10	1.013565e-13
2.636000e+10	1.013737e-13
2.640000e+10	1.013909e-13
2.644000e+10	1.014081e-13
2.648000e+10	1.014253e-13
2.652000e+10	1.014426e-13
2.656000e+10	1.014600e-13
2.660000e+10	1.014773e-13
2.664000e+10	1.014948e-13
2.668000e+10	1.015122e-13
2.672000e+10	1.015297e-13
2.676000e+10	1.015472e-13
2.680000e+10	1.015647e-13
2.684000e+10	1.015823e-13
2.688000e+10	1.015999e-13
2.692000e+10	1.016175e-13
2.696000e+10	1.016352e-13
2.700000e+10	1.016529e-13
2.704000e+10	1.016707e-13
2.708000e+10	1.016885e-13
2.712000e+10	1.017063e-13
2.716000e+10	1.017241e-13
2.720000e+10	1.017420e-13
2.724000e+10	1.017600e-13
2.728000e+10	1.017779e-13
2.732000e+10	1.017959e-13
2.736000e+10	1.018140e-13
2.740000e+10	1.018320e-13
2.744000e+10	1.018501e-13
2.748000e+10	1.018683e-13
2.752000e+10	1.018864e-13
2.756000e+10	1.019046e-13
2.760000e+10	1.019229e-13
2.764000e+10	1.019412e-13
2.768000e+10	1.019595e-13
2.772000e+10	1.019778e-13
2.776000e+10	1.019962e-13
2.780000e+10	1.020146e-13
2.784000e+10	1.020331e-13
2.788000e+10	1.020516e-13
2.792000e+10	1.020701e-13
2.796000e+10	1.020887e-13
2.800000e+10	1.021073e-13
2.804000e+10	1.021259e-13
2.808000e+10	1.021446e-13
2.812000e+10	1.021633e-13
2.816000e+10	1.021821e-13
2.820000e+10	1.022008e-13
2.824000e+10	1.022197e-13
2.828000e+10	1.022385e-13
2.832000e+10	1.022574e-13
2.836000e+10	1.022763e-13
2.840000e+10	1.022953e-13
2.844000e+10	1.023143e-13
2.848000e+10	1.023333e-13
2.852000e+10	1.023524e-13
2.856000e+10	1.023715e-13
2.860000e+10	1.023907e-13
2.864000e+10	1.024099e-13
2.868000e+10	1.024291e-13
2.872000e+10	1.024483e-13
2.876000e+10	1.024676e-13
2.880000e+10	1.024870e-13
2.884000e+10	1.025063e-13
2.888000e+10	1.025257e-13
2.892000e+10	1.025452e-13
2.896000e+10	1.025647e-13
2.900000e+10	1.025842e-13
2.904000e+10	1.026037e-13
2.908000e+10	1.026233e-13
2.912000e+10	1.026430e-13
2.916000e+10	1.026626e-13
2.920000e+10	1.026823e-13
2.924000e+10	1.027021e-13
2.928000e+10	1.027219e-13
2.932000e+10	1.027417e-13
2.936000e+10	1.027615e-13
2.940000e+10	1.027814e-13
2.944000e+10	1.028014e-13
2.948000e+10	1.028213e-13
2.952000e+10	1.028413e-13
2.956000e+10	1.028614e-13
2.960000e+10	1.028815e-13
2.964000e+10	1.029016e-13
2.968000e+10	1.029217e-13
2.972000e+10	1.029419e-13
2.976000e+10	1.029622e-13
2.980000e+10	1.029825e-13
2.984000e+10	1.030028e-13
2.988000e+10	1.030231e-13
2.992000e+10	1.030435e-13
2.996000e+10	1.030639e-13
3.000000e+10	1.030844e-13
3.004000e+10	1.031049e-13
3.008000e+10	1.031255e-13
3.012000e+10	1.031460e-13
3.016000e+10	1.031667e-13
3.020000e+10	1.031873e-13
3.024000e+10	1.032080e-13
3.028000e+10	1.032288e-13
3.032000e+10	1.032495e-13
3.036000e+10	1.032704e-13
3.040000e+10	1.032912e-13
3.044000e+10	1.033121e-13
3.048000e+10	1.033330e-13
3.052000e+10	1.033540e-13
3.056000e+10	1.033750e-13
3.060000e+10	1.033961e-13
3.064000e+10	1.034172e-13
3.068000e+10	1.034383e-13
3.072000e+10	1.034595e-13
3.076000e+10	1.034807e-13
3.080000e+10	1.035019e-13
3.084000e+10	1.035232e-13
3.088000e+10	1.035446e-13
3.092000e+10	1.035659e-13
3.096000e+10	1.035874e-13
3.100000e+10	1.036088e-13
3.104000e+10	1.036303e-13
3.108000e+10	1.036518e-13
3.112000e+10	1.036734e-13
3.116000e+10	1.036950e-13
3.120000e+10	1.037167e-13
3.124000e+10	1.037384e-13
3.128000e+10	1.037601e-13
3.132000e+10	1.037819e-13
3.136000e+10	1.038037e-13
3.140000e+10	1.038255e-13
3.144000e+10	1.038474e-13
3.148000e+10	1.038694e-13
3.152000e+10	1.038913e-13
3.156000e+10	1.039134e-13
3.160000e+10	1.039354e-13
3.164000e+10	1.039575e-13
3.168000e+10	1.039797e-13
3.172000e+10	1.040018e-13
3.176000e+10	1.040241e-13
3.180000e+10	1.040463e-13
3.184000e+10	1.040686e-13
3.188000e+10	1.040910e-13
3.192000e+10	1.041134e-13
3.196000e+10	1.041358e-13
3.200000e+10	1.041583e-13
3.204000e+10	1.041808e-13
3.208000e+10	1.042033e-13
3.212000e+10	1.042259e-13
3.216000e+10	1.042486e-13
3.220000e+10	1.042713e-13
3.224000e+10	1.042940e-13
3.228000e+10	1.043167e-13
3.232000e+10	1.043395e-13
3.236000e+10	1.043624e-13
3.240000e+10	1.043853e-13
3.244000e+10	1.044082e-13
3.248000e+10	1.044312e-13
3.252000e+10	1.044542e-13
3.256000e+10	1.044773e-13
3.260000e+10	1.045004e-13
3.264000e+10	1.045235e-13
3.268000e+10	1.045467e-13
3.272000e+10	1.045699e-13
3.276000e+10	1.045932e-13
3.280000e+10	1.046165e-13
3.284000e+10	1.046399e-13
3.288000e+10	1.046633e-13
3.292000e+10	1.046867e-13
3.296000e+10	1.047102e-13
3.300000e+10	1.047338e-13
3.304000e+10	1.047573e-13
3.308000e+10	1.047810e-13
3.312000e+10	1.048046e-13
3.316000e+10	1.048283e-13
3.320000e+10	1.048521e-13
3.324000e+10	1.048759e-13
3.328000e+10	1.048997e-13
3.332000e+10	1.049236e-13
3.336000e+10	1.049475e-13
3.340000e+10	1.049715e-13
3.344000e+10	1.049955e-13
3.348000e+10	1.050195e-13
3.352000e+10	1.050436e-13
3.356000e+10	1.050678e-13
3.360000e+10	1.050920e-13
3.364000e+10	1.051162e-13
3.368000e+10	1.051405e-13
3.372000e+10	1.051648e-13
3.376000e+10	1.051892e-13
3.380000e+10	1.052136e-13
3.384000e+10	1.052380e-13
3.388000e+10	1.052625e-13
3.392000e+10	1.052871e-13
3.396000e+10	1.053117e-13
3.400000e+10	1.053363e-13
3.404000e+10	1.053610e-13
3.408000e+10	1.053857e-13
3.412000e+10	1.054105e-13
3.416000e+10	1.054353e-13
3.420000e+10	1.054602e-13
3.424000e+10	1.054851e-13
3.428000e+10	1.055100e-13
3.432000e+10	1.055350e-13
3.436000e+10	1.055601e-13
3.440000e+10	1.055852e-13
3.444000e+10	1.056103e-13
3.448000e+10	1.056355e-13
3.452000e+10	1.056607e-13
3.456000e+10	1.056860e-13
3.460000e+10	1.057113e-13
3.464000e+10	1.057367e-13
3.468000e+10	1.057621e-13
3.472000e+10	1.057875e-13
3.476000e+10	1.058130e-13
3.480000e+10	1.058386e-13
3.484000e+10	1.058642e-13
3.488000e+10	1.058898e-13
3.492000e+10	1.059155e-13
3.496000e+10	1.059413e-13
3.500000e+10	1.059670e-13
3.504000e+10	1.059929e-13
3.508000e+10	1.060187e-13
3.512000e+10	1.060447e-13
3.516000e+10	1.060706e-13
3.520000e+10	1.060967e-13
3.524000e+10	1.061227e-13
3.528000e+10	1.061488e-13
3.532000e+10	1.061750e-13
3.536000e+10	1.062012e-13
3.540000e+10	1.062275e-13
3.544000e+10	1.062538e-13
3.548000e+10	1.062801e-13
3.552000e+10	1.063065e-13
3.556000e+10	1.063330e-13
3.560000e+10	1.063595e-13
3.564000e+10	1.063860e-13
3.568000e+10	1.064126e-13
3.572000e+10	1.064393e-13
3.576000e+10	1.064660e-13
3.580000e+10	1.064927e-13
3.584000e+10	1.065195e-13
3.588000e+10	1.065463e-13
3.592000e+10	1.065732e-13
3.596000e+10	1.066001e-13
3.600000e+10	1.066271e-13
3.604000e+10	1.066541e-13
3.608000e+10	1.066812e-13
3.612000e+10	1.067084e-13
3.616000e+10	1.067355e-13
3.620000e+10	1.067628e-13
3.624000e+10	1.067900e-13
3.628000e+10	1.068174e-13
3.632000e+10	1.068447e-13
3.636000e+10	1.068722e-13
3.640000e+10	1.068996e-13
3.644000e+10	1.069272e-13
3.648000e+10	1.069547e-13
3.652000e+10	1.069824e-13
3.656000e+10	1.070100e-13
3.660000e+10	1.070378e-13
3.664000e+10	1.070655e-13
3.668000e+10	1.070934e-13
3.672000e+10	1.071213e-13
3.676000e+10	1.071492e-13
3.680000e+10	1.071772e-13
3.684000e+10	1.072052e-13
3.688000e+10	1.072333e-13
3.692000e+10	1.072614e-13
3.696000e+10	1.072896e-13
3.700000e+10	1.073178e-13
3.704000e+10	1.073461e-13
3.708000e+10	1.073744e-13
3.712000e+10	1.074028e-13
3.716000e+10	1.074313e-13
3.720000e+10	1.074598e-13
3.724000e+10	1.074883e-13
3.728000e+10	1.075169e-13
3.732000e+10	1.075455e-13
3.736000e+10	1.075742e-13
3.740000e+10	1.076030e-13
3.744000e+10	1.076318e-13
3.748000e+10	1.076606e-13
3.752000e+10	1.076895e-13
3.756000e+10	1.077185e-13
3.760000e+10	1.077475e-13
3.764000e+10	1.077766e-13
3.768000e+10	1.078057e-13
3.772000e+10	1.078349e-13
3.776000e+10	1.078641e-13
3.780000e+10	1.078933e-13
3.784000e+10	1.079227e-13
3.788000e+10	1.079521e-13
3.792000e+10	1.079815e-13
3.796000e+10	1.080110e-13
3.800000e+10	1.080405e-13
3.804000e+10	1.080701e-13
3.808000e+10	1.080998e-13
3.812000e+10	1.081295e-13
3.816000e+10	1.081592e-13
3.820000e+10	1.081890e-13
3.824000e+10	1.082189e-13
3.828000e+10	1.082488e-13
3.832000e+10	1.082788e-13
3.836000e+10	1.083088e-13
3.840000e+10	1.083389e-13
3.844000e+10	1.083690e-13
3.848000e+10	1.083992e-13
3.852000e+10	1.084295e-13
3.856000e+10	1.084598e-13
3.860000e+10	1.084901e-13
3.864000e+10	1.085205e-13
3.868000e+10	1.085510e-13
3.872000e+10	1.085815e-13
3.876000e+10	1.086121e-13
3.880000e+10	1.086427e-13
3.884000e+10	1.086734e-13
3.888000e+10	1.087041e-13
3.892000e+10	1.087349e-13
3.896000e+10	1.087658e-13
3.900000e+10	1.087967e-13
3.904000e+10	1.088277e-13
3.908000e+10	1.088587e-13
3.912000e+10	1.088898e-13
3.916000e+10	1.089209e-13
3.920000e+10	1.089521e-13
3.924000e+10	1.089833e-13
3.928000e+10	1.090146e-13
3.932000e+10	1.090460e-13
3.936000e+10	1.090774e-13
3.940000e+10	1.091089e-13
3.944000e+10	1.091404e-13
3.948000e+10	1.091720e-13
3.952000e+10	1.092037e-13
3.956000e+10	1.092354e-13
3.960000e+10	1.092671e-13
3.964000e+10	1.092990e-13
3.968000e+10	1.093308e-13
3.972000e+10	1.093628e-13
3.976000e+10	1.093948e-13
3.980000e+10	1.094268e-13
3.984000e+10	1.094589e-13
3.988000e+10	1.094911e-13
3.992000e+10	1.095233e-13
3.996000e+10	1.095556e-13
4.000000e+10	1.095879e-13
4.004000e+10	1.096204e-13
4.008000e+10	1.096528e-13
4.012000e+10	1.096853e-13
4.016000e+10	1.097179e-13
4.020000e+10	1.097506e-13
4.024000e+10	1.097833e-13
4.028000e+10	1.098160e-13
4.032000e+10	1.098488e-13
4.036000e+10	1.098817e-13
4.040000e+10	1.099146e-13
4.044000e+10	1.099476e-13
4.048000e+10	1.099807e-13
4.052000e+10	1.100138e-13
4.056000e+10	1.100470e-13
4.060000e+10	1.100802e-13
4.064000e+10	1.101135e-13
4.068000e+10	1.101469e-13
4.072000e+10	1.101803e-13
4.076000e+10	1.102138e-13
4.080000e+10	1.102473e-13
4.084000e+10	1.102809e-13
4.088000e+10	1.103146e-13
4.092000e+10	1.103483e-13
4.096000e+10	1.103821e-13
4.100000e+10	1.104160e-13
4.104000e+10	1.104499e-13
4.108000e+10	1.104839e-13
4.112000e+10	1.105179e-13
4.116000e+10	1.105520e-13
4.120000e+10	1.105862e-13
4.124000e+10	1.106204e-13
4.128000e+10	1.106547e-13
4.132000e+10	1.106890e-13
4.136000e+10	1.107234e-13
4.140000e+10	1.107579e-13
4.144000e+10	1.107924e-13
4.148000e+10	1.108270e-13
4.152000e+10	1.108617e-13
4.156000e+10	1.108964e-13
4.160000e+10	1.109312e-13
4.164000e+10	1.109661e-13
4.168000e+10	1.110010e-13
4.172000e+10	1.110360e-13
4.176000e+10	1.110710e-13
4.180000e+10	1.111061e-13
4.184000e+10	1.111413e-13
4.188000e+10	1.111765e-13
4.192000e+10	1.112118e-13
4.196000e+10	1.112472e-13
4.200000e+10	1.112826e-13
4.204000e+10	1.113181e-13
4.208000e+10	1.113537e-13
4.212000e+10	1.113893e-13
4.216000e+10	1.114250e-13
4.220000e+10	1.114608e-13
4.224000e+10	1.114966e-13
4.228000e+10	1.115325e-13
4.232000e+10	1.115684e-13
4.236000e+10	1.116045e-13
4.240000e+10	1.116406e-13
4.244000e+10	1.116767e-13
4.248000e+10	1.117129e-13
4.252000e+10	1.117492e-13
4.256000e+10	1.117856e-13
4.260000e+10	1.118220e-13
4.264000e+10	1.118585e-13
4.268000e+10	1.118950e-13
4.272000e+10	1.119317e-13
4.276000e+10	1.119684e-13
4.280000e+10	1.120051e-13
4.284000e+10	1.120419e-13
4.288000e+10	1.120788e-13
4.292000e+10	1.121158e-13
4.296000e+10	1.121528e-13
4.300000e+10	1.121899e-13
4.304000e+10	1.122271e-13
4.308000e+10	1.122643e-13
4.312000e+10	1.123016e-13
4.316000e+10	1.123390e-13
4.320000e+10	1.123764e-13
4.324000e+10	1.124140e-13
4.328000e+10	1.124515e-13
4.332000e+10	1.124892e-13
4.336000e+10	1.125269e-13
4.340000e+10	1.125647e-13
4.344000e+10	1.126026e-13
4.348000e+10	1.126405e-13
4.352000e+10	1.126785e-13
4.356000e+10	1.127166e-13
4.360000e+10	1.127547e-13
4.364000e+10	1.127929e-13
4.368000e+10	1.128312e-13
4.372000e+10	1.128695e-13
4.376000e+10	1.129080e-13
4.380000e+10	1.129465e-13
4.384000e+10	1.129850e-13
4.388000e+10	1.130237e-13
4.392000e+10	1.130624e-13
4.396000e+10	1.131012e-13
4.400000e+10	1.131400e-13
4.404000e+10	1.131789e-13
4.408000e+10	1.132179e-13
4.412000e+10	1.132570e-13
4.416000e+10	1.132961e-13
4.420000e+10	1.133354e-13
4.424000e+10	1.133746e-13
4.428000e+10	1.134140e-13
4.432000e+10	1.134534e-13
4.436000e+10	1.134930e-13
4.440000e+10	1.135325e-13
4.444000e+10	1.135722e-13
4.448000e+10	1.136119e-13
4.452000e+10	1.136517e-13
4.456000e+10	1.136916e-13
4.460000e+10	1.137316e-13
4.464000e+10	1.137716e-13
4.468000e+10	1.138117e-13
4.472000e+10	1.138519e-13
4.476000e+10	1.138921e-13
4.480000e+10	1.139324e-13
4.484000e+10	1.139729e-13
4.488000e+10	1.140133e-13
4.492000e+10	1.140539e-13
4.496000e+10	1.140945e-13
4.500000e+10	1.141352e-13
4.504000e+10	1.141760e-13
4.508000e+10	1.142169e-13
4.512000e+10	1.142578e-13
4.516000e+10	1.142988e-13
4.520000e+10	1.143399e-13
4.524000e+10	1.143811e-13
4.528000e+10	1.144223e-13
4.532000e+10	1.144636e-13
4.536000e+10	1.145050e-13
4.540000e+10	1.145465e-13
4.544000e+10	1.145881e-13
4.548000e+10	1.146297e-13
4.552000e+10	1.146714e-13
4.556000e+10	1.147132e-13
4.560000e+10	1.147551e-13
4.564000e+10	1.147970e-13
4.568000e+10	1.148390e-13
4.572000e+10	1.148811e-13
4.576000e+10	1.149233e-13
4.580000e+10	1.149656e-13
4.584000e+10	1.150079e-13
4.588000e+10	1.150504e-13
4.592000e+10	1.150929e-13
4.596000e+10	1.151354e-13
4.600000e+10	1.151781e-13
4.604000e+10	1.152209e-13
4.608000e+10	1.152637e-13
4.612000e+10	1.153066e-13
4.616000e+10	1.153496e-13
4.620000e+10	1.153927e-13
4.624000e+10	1.154358e-13
4.628000e+10	1.154790e-13
4.632000e+10	1.155224e-13
4.636000e+10	1.155658e-13
4.640000e+10	1.156092e-13
4.644000e+10	1.156528e-13
4.648000e+10	1.156964e-13
4.652000e+10	1.157402e-13
4.656000e+10	1.157840e-13
4.660000e+10	1.158279e-13
4.664000e+10	1.158719e-13
4.668000e+10	1.159159e-13
4.672000e+10	1.159601e-13
4.676000e+10	1.160043e-13
4.680000e+10	1.160486e-13
4.684000e+10	1.160930e-13
4.688000e+10	1.161375e-13
4.692000e+10	1.161821e-13
4.696000e+10	1.162267e-13
4.700000e+10	1.162714e-13
4.704000e+10	1.163163e-13
4.708000e+10	1.163612e-13
4.712000e+10	1.164062e-13
4.716000e+10	1.164513e-13
4.720000e+10	1.164964e-13
4.724000e+10	1.165417e-13
4.728000e+10	1.165870e-13
4.732000e+10	1.166325e-13
4.736000e+10	1.166780e-13
4.740000e+10	1.167236e-13
4.744000e+10	1.167693e-13
4.748000e+10	1.168150e-13
4.752000e+10	1.168609e-13
4.756000e+10	1.169069e-13
4.760000e+10	1.169529e-13
4.764000e+10	1.169990e-13
4.768000e+10	1.170453e-13
4.772000e+10	1.170916e-13
4.776000e+10	1.171380e-13
4.780000e+10	1.171844e-13
4.784000e+10	1.172310e-13
4.788000e+10	1.172777e-13
4.792000e+10	1.173244e-13
4.796000e+10	1.173713e-13
4.800000e+10	1.174182e-13
4.804000e+10	1.174653e-13
4.808000e+10	1.175124e-13
4.812000e+10	1.175596e-13
4.816000e+10	1.176069e-13
4.820000e+10	1.176543e-13
4.824000e+10	1.177018e-13
4.828000e+10	1.177494e-13
4.832000e+10	1.177970e-13
4.836000e+10	1.178448e-13
4.840000e+10	1.178926e-13
4.844000e+10	1.179406e-13
4.848000e+10	1.179886e-13
4.852000e+10	1.180368e-13
4.856000e+10	1.180850e-13
4.860000e+10	1.181333e-13
4.864000e+10	1.181817e-13
4.868000e+10	1.182302e-13
4.872000e+10	1.182788e-13
4.876000e+10	1.183275e-13
4.880000e+10	1.183763e-13
4.884000e+10	1.184252e-13
4.888000e+10	1.184742e-13
4.892000e+10	1.185233e-13
4.896000e+10	1.185725e-13
4.900000e+10	1.186217e-13
4.904000e+10	1.186711e-13
4.908000e+10	1.187206e-13
4.912000e+10	1.187701e-13
4.916000e+10	1.188198e-13
4.920000e+10	1.188696e-13
4.924000e+10	1.189194e-13
4.928000e+10	1.189694e-13
4.932000e+10	1.190194e-13
4.936000e+10	1.190696e-13
4.940000e+10	1.191198e-13
4.944000e+10	1.191702e-13
4.948000e+10	1.192206e-13
4.952000e+10	1.192712e-13
4.956000e+10	1.193218e-13
4.960000e+10	1.193726e-13
4.964000e+10	1.194234e-13
4.968000e+10	1.194743e-13
4.972000e+10	1.195254e-13
4.976000e+10	1.195765e-13
4.980000e+10	1.196278e-13
4.984000e+10	1.196791e-13
4.988000e+10	1.197306e-13
4.992000e+10	1.197822e-13
4.996000e+10	1.198338e-13
5.000000e+10	1.198856e-13
